Series ID,14:00,14:05,14:10,14:15,14:20,14:25,14:30,14:35,14:40,14:45,14:50,14:55,15:00,15:05,15:10,15:15,15:20,15:25,15:30,15:35,15:40,15:45,15:50,15:55,16:00,16:05,16:10,16:15,16:20,16:25
0_0,58,58,58,58,58,58,58,58,58,58,58,58,58,58,58,59,59,58,58,58,59,61,62,62,59,60,58,,,
0_1,46,46,46,46,46,47,46,46,46,47,46,46,47,47,47,47,47,47,46,46,48,49,51,51,49,50,49,,,
1_0,65,65,65,65,67,66,64,64,66,65,65,65,64,67,67,67,66,68,66,65,66,68,68,68,63,63,63,,,
1_1,54,54,54,54,55,55,54,53,54,54,54,54,53,55,55,55,55,57,55,54,55,58,60,61,56,56,56,,,
2_0,69,69,69,69,71,70,69,68,70,69,69,69,68,70,70,70,70,71,70,69,70,72,72,72,66,66,65,,,
2_1,51,51,51,51,53,52,51,51,51,51,51,51,50,52,52,52,52,53,52,51,52,54,55,55,54,54,52,,,
3_0,86,84,86,85,86,87,85,84,85,85,86,85,81,87,86,85,85,87,86,85,86,87,86,86,78,80,75,,,
3_1,45,45,45,45,46,46,45,45,45,45,45,45,44,46,46,45,46,46,46,46,46,48,50,51,50,50,48,,,
4_0,50,50,50,50,50,50,50,50,51,51,51,51,51,51,51,51,51,51,51,51,52,55,56,56,51,52,51,,,
4_1,43,43,43,44,44,44,43,43,43,43,44,44,44,44,44,44,44,44,44,44,45,48,49,50,46,47,46,,,
5_0,70,70,70,70,70,70,70,71,70,71,70,71,71,71,71,71,71,72,71,71,72,77,75,74,65,64,64,,,
5_1,55,55,55,55,55,55,55,55,55,55,54,55,56,55,55,55,57,58,55,55,57,63,60,60,53,52,52,,,
6_0,73,74,73,73,74,74,74,73,74,74,74,74,74,74,75,75,75,74,74,75,75,80,81,81,74,74,73,,,
6_1,56,56,56,57,57,57,56,56,56,56,57,57,57,57,56,57,57,57,57,57,57,61,61,62,61,61,59,,,
7_0,81,81,82,82,82,82,82,80,82,82,82,82,82,82,82,82,82,82,82,82,83,87,87,87,78,79,78,,,
7_1,57,57,57,58,58,58,58,56,58,58,58,58,58,58,58,58,58,58,58,58,60,65,65,66,63,63,62,,,
8_0,59,59,59,59,58,58,58,58,58,58,58,58,58,59,58,59,58,58,58,59,60,60,60,60,50,50,49,,,
8_1,41,41,41,41,41,41,41,41,41,41,41,41,41,41,41,41,41,41,41,41,43,44,46,46,41,41,41,,,
9_0,87,87,87,87,86,86,86,86,86,86,86,86,86,86,87,87,87,87,87,87,88,88,88,88,89,89,90,,,
9_1,45,45,45,45,45,45,45,45,45,45,45,45,45,45,45,45,45,45,45,45,47,48,49,50,50,50,50,,,
10_0,53,53,53,53,52,53,52,52,52,53,52,53,53,53,54,53,53,53,53,53,54,54,55,56,48,48,47,,,
10_1,41,41,40,41,40,40,41,41,41,40,40,41,40,41,42,42,41,41,41,41,42,43,45,47,43,43,42,,,
11_0,80,79,80,80,80,79,80,78,79,80,79,80,80,79,81,80,81,80,80,83,80,83,85,82,73,74,74,,,
11_1,55,55,56,56,56,55,56,55,55,55,55,56,56,55,55,56,56,56,56,58,56,59,61,60,57,58,57,,,
12_0,62,62,63,63,61,62,62,61,61,61,62,62,62,62,62,62,62,62,62,62,63,63,63,63,53,53,52,,,
12_1,44,44,44,44,44,44,44,44,44,44,44,44,44,44,44,44,44,44,44,45,46,46,47,49,42,44,42,,,
13_0,61,62,62,62,62,62,62,61,61,62,61,62,61,62,62,62,62,62,62,62,63,66,68,69,58,57,57,,,
13_1,49,49,49,49,49,49,49,49,49,49,49,49,49,49,50,49,49,50,50,49,51,54,56,56,49,49,49,,,
14_0,40,40,40,39,40,40,40,40,40,40,40,40,40,41,41,41,41,41,41,41,42,45,47,48,51,52,52,,,
14_1,31,31,31,31,32,31,31,31,31,31,31,31,31,31,31,31,31,32,32,31,33,36,39,39,42,43,43,,,
15_0,76,77,76,76,76,77,77,76,77,77,77,77,77,77,77,77,77,77,78,77,78,82,84,86,75,75,76,,,
15_1,59,59,59,59,59,59,59,59,59,59,59,59,59,60,60,60,60,60,60,60,61,64,65,66,60,62,62,,,
16_0,58,58,58,58,58,58,58,57,58,58,58,58,58,58,58,58,58,58,58,58,59,62,64,64,63,60,61,,,
16_1,42,42,42,43,42,43,42,42,43,43,42,42,43,43,43,43,42,42,43,43,44,47,49,50,47,48,49,,,
17_0,31,31,32,32,32,32,32,32,32,32,32,32,32,32,32,32,32,32,32,32,33,37,39,40,40,43,43,,,
17_1,27,27,27,27,27,27,27,27,27,27,27,28,28,28,28,28,28,27,28,27,29,33,36,36,36,39,39,,,
18_0,,,,,,,,,,,,,,,,,,,,,,,,,,,,,,
18_1,,,,,,,,,,,,,,,,,,,,,,,,,,,,,,
19_0,60,61,61,61,60,60,60,60,61,61,60,60,59,60,60,61,61,61,61,60,61,63,64,65,54,54,55,,,
19_1,53,53,53,53,53,52,53,53,52,53,53,53,53,53,53,54,53,53,53,53,54,56,58,59,50,50,51,,,
20_0,57,58,58,58,50,56,57,57,57,57,57,59,50,59,59,60,60,60,59,51,58,61,63,64,52,52,53,,,
20_1,44,44,44,44,39,44,45,45,44,45,45,46,39,45,45,46,46,46,46,40,46,49,52,52,44,46,46,,,
21_0,57,57,57,57,57,57,57,56,56,57,57,58,56,56,57,56,55,56,56,57,54,56,56,56,56,59,60,,,
21_1,57,56,56,57,57,56,57,56,56,57,57,58,56,55,57,56,55,55,56,57,53,57,58,58,57,60,62,,,
22_0,77,77,77,77,77,78,78,77,78,77,77,78,78,78,78,78,78,77,78,77,78,79,79,78,73,74,73,,,
22_1,62,62,62,61,62,61,62,62,62,62,62,62,62,62,62,62,62,62,62,62,62,63,64,64,60,61,59,,,
23_0,84,84,87,85,85,85,85,83,85,90,84,86,86,85,86,86,85,85,84,85,84,88,86,88,73,75,77,,,
23_1,60,59,62,61,61,61,61,59,61,65,60,61,62,61,62,62,61,61,61,61,60,66,66,67,59,62,63,,,
24_0,77,81,82,81,70,78,81,80,70,78,80,81,81,77,81,81,80,75,79,81,81,76,81,79,74,76,77,,,
24_1,52,53,53,53,48,52,53,53,48,52,53,54,53,52,54,53,52,52,53,53,53,53,55,55,55,57,57,,,
25_0,78,80,78,80,64,74,77,75,78,77,76,79,65,78,82,82,80,81,79,66,75,82,82,79,70,72,73,,,
25_1,59,61,59,61,49,57,59,57,60,59,58,61,49,60,63,63,61,62,61,50,59,65,67,66,57,60,62,,,
26_0,68,66,67,66,68,67,66,66,66,66,66,66,66,66,67,66,67,66,68,67,67,71,73,74,62,62,63,,,
26_1,52,52,53,53,54,53,52,52,53,52,53,53,53,53,53,53,54,53,53,53,53,58,60,61,52,54,55,,,
27_0,57,56,57,57,57,57,57,56,56,57,57,57,56,57,57,57,57,57,57,57,58,62,63,64,57,58,59,,,
27_1,52,51,52,52,52,51,52,52,52,52,52,52,52,52,52,53,53,52,52,53,54,58,59,62,53,56,57,,,
28_0,65,65,65,65,66,65,66,65,65,66,65,66,65,66,66,66,66,66,66,66,66,70,72,74,64,63,64,,,
28_1,53,53,53,53,54,54,55,53,54,53,54,54,54,54,54,55,54,54,54,54,55,58,60,62,55,55,56,,,
29_0,77,78,78,78,78,78,78,78,78,78,78,78,78,78,78,78,78,78,78,78,79,82,84,85,72,70,71,,,
29_1,54,54,54,54,54,54,54,54,54,54,54,54,54,54,54,55,54,54,54,55,55,60,62,64,53,55,56,,,
30_0,63,63,64,63,63,64,64,64,64,64,64,64,63,64,64,64,64,64,64,64,65,67,68,67,61,63,65,,,
30_1,50,50,51,51,51,51,51,51,51,51,51,51,50,51,51,51,51,51,51,51,53,55,57,57,52,55,57,,,
31_0,83,82,82,82,83,83,83,84,83,83,84,83,82,83,84,84,83,84,83,83,84,87,87,88,72,73,75,,,
31_1,49,49,49,49,50,50,50,50,50,50,53,50,49,50,50,50,50,52,50,49,51,55,55,58,52,54,56,,,
32_0,70,70,71,70,70,70,70,70,70,70,71,70,71,70,71,71,71,71,71,71,72,75,74,75,67,67,68,,,
32_1,56,56,57,57,56,57,57,56,56,56,58,56,57,56,57,57,57,58,57,57,58,62,61,63,56,56,58,,,
33_0,85,84,84,84,85,85,85,84,85,85,84,85,85,85,85,85,85,85,85,85,85,87,87,87,73,73,72,,,
33_1,71,70,70,70,71,71,71,71,70,70,70,70,71,71,71,71,71,71,70,71,71,74,75,76,63,64,63,,,
34_0,62,63,63,63,63,63,63,63,63,64,63,63,62,63,63,63,64,63,63,63,64,67,67,67,63,63,65,,,
34_1,54,55,55,55,55,55,55,55,55,55,55,55,55,55,56,56,56,55,56,56,57,61,63,63,58,58,62,,,
35_0,74,75,74,76,64,75,74,74,76,75,74,77,63,76,77,77,76,77,77,66,74,81,83,85,68,66,69,,,
35_1,62,63,62,64,54,64,63,62,64,64,63,65,54,65,65,65,64,64,64,56,65,69,71,73,59,61,64,,,
36_0,70,71,70,71,73,73,72,71,71,72,71,73,72,71,69,69,70,70,73,74,74,74,76,77,67,63,65,,,
36_1,53,54,53,53,56,55,55,54,53,55,54,56,54,54,53,52,53,53,56,55,57,57,61,61,53,53,55,,,
37_0,69,69,69,69,61,68,69,69,69,69,69,69,62,69,70,70,70,70,70,63,69,72,74,75,67,63,64,,,
37_1,71,72,71,71,62,71,71,70,71,72,71,70,62,73,73,73,73,73,73,63,72,76,80,80,64,62,64,,,
38_0,69,69,69,69,72,72,70,69,69,69,69,71,71,70,69,68,68,68,71,72,72,72,74,75,68,66,68,,,
38_1,48,48,48,49,50,50,49,49,49,49,49,50,50,49,48,48,48,48,50,51,50,51,55,56,52,51,55,,,
39_0,57,57,58,58,58,57,58,57,58,58,58,58,57,58,58,58,58,58,58,58,59,61,61,61,56,60,63,,,
39_1,46,46,47,47,47,46,47,47,47,47,47,47,46,47,47,47,47,47,47,47,48,51,52,52,48,54,56,,,
40_0,68,68,68,67,68,68,68,67,68,68,68,68,67,68,69,69,68,68,68,69,68,70,69,69,63,66,68,,,
40_1,49,49,49,49,49,50,49,49,49,49,49,50,50,50,50,50,50,49,50,50,50,53,53,54,50,55,57,,,
41_0,84,83,83,83,85,84,85,82,85,84,83,84,82,86,85,86,84,83,86,84,84,88,86,86,72,73,75,,,
41_1,58,58,57,57,59,57,58,57,58,58,57,58,57,57,58,59,58,58,58,58,58,61,60,61,57,58,60,,,
42_0,64,64,64,64,64,64,64,64,64,64,63,63,63,64,64,64,65,63,64,65,64,65,66,65,63,65,67,,,
42_1,47,46,47,47,48,47,47,47,47,47,47,47,46,47,47,48,48,47,47,48,48,50,52,52,50,53,55,,,
43_0,75,77,77,76,76,76,77,75,76,76,77,77,75,77,77,78,77,78,77,77,77,80,84,84,69,70,75,,,
43_1,64,67,65,64,65,64,65,64,64,64,66,65,64,65,66,66,65,65,66,65,65,67,75,75,60,66,69,,,
44_0,54,55,54,53,54,54,55,54,54,54,55,55,62,63,59,55,54,55,55,55,55,58,58,59,57,58,57,,,
44_1,43,45,44,43,44,44,45,44,44,44,45,45,49,49,46,45,44,46,46,45,45,49,49,51,49,50,48,,,
45_0,60,60,60,60,60,60,60,59,60,60,60,60,60,60,60,60,60,60,60,60,61,63,66,66,59,66,71,,,
45_1,44,45,44,44,44,44,45,44,44,45,44,45,45,45,45,45,45,45,45,45,46,48,51,52,47,55,58,,,
46_0,72,72,71,72,71,71,72,72,72,71,71,71,71,71,72,72,72,72,72,71,72,74,77,78,66,63,65,,,
46_1,66,66,66,67,66,66,66,66,67,66,66,67,67,66,67,66,67,67,67,66,67,70,74,76,62,60,62,,,
47_0,67,67,67,67,67,67,67,67,67,67,67,67,67,67,67,67,67,67,67,67,68,71,75,76,68,60,61,,,
47_1,48,49,48,49,49,49,49,49,49,49,49,48,49,49,49,49,49,49,49,49,50,53,56,57,51,46,51,,,
48_0,66,66,67,67,67,66,66,67,66,67,67,67,66,67,67,67,67,67,67,67,68,75,80,81,63,65,70,,,
48_1,51,51,52,52,51,51,51,52,51,51,51,51,51,51,51,52,52,52,51,52,53,57,60,61,51,57,60,,,
49_0,63,63,64,65,63,64,64,63,63,64,64,64,63,63,64,64,64,64,64,64,65,69,71,72,61,63,68,,,
49_1,46,46,45,48,45,47,47,46,45,47,47,46,46,46,47,46,47,46,47,47,47,51,55,56,48,54,58,,,
50_0,79,79,78,78,79,78,78,79,78,78,79,78,79,78,78,79,79,78,79,79,79,83,85,87,73,71,73,,,
50_1,61,60,61,61,61,61,61,61,61,61,61,61,61,61,61,61,61,61,61,61,61,66,68,71,59,60,62,,,
51_0,66,66,66,67,66,66,66,67,66,66,66,66,67,66,66,67,67,67,67,67,67,71,74,75,66,66,69,,,
51_1,48,48,48,49,48,48,48,49,48,48,48,48,48,48,48,49,49,49,49,49,49,54,57,57,51,55,58,,,
52_0,69,67,68,67,70,69,72,69,71,69,68,73,67,68,69,70,69,70,69,70,70,73,77,74,65,71,76,,,
52_1,52,50,51,51,53,52,54,53,54,52,52,55,51,52,52,53,52,53,53,52,53,57,61,59,52,62,68,,,
53_0,73,73,73,73,73,73,73,73,73,73,73,73,73,73,74,74,74,74,74,74,74,77,78,78,64,69,73,,,
53_1,47,48,47,47,48,47,48,48,48,48,48,48,48,48,48,48,48,48,48,48,49,52,53,53,49,57,59,,,
54_0,69,69,69,69,69,69,69,69,69,69,69,69,69,69,69,69,70,70,70,69,70,71,72,73,65,67,69,,,
54_1,55,54,54,55,55,54,54,55,55,54,55,55,54,55,55,55,56,55,55,55,55,57,58,60,55,58,60,,,
55_0,85,85,85,85,85,85,85,85,85,85,85,85,56,87,88,86,86,85,85,85,86,88,87,87,72,73,72,,,
55_1,54,55,54,54,55,55,54,55,55,54,55,55,42,58,57,55,55,54,55,55,56,58,57,58,55,55,54,,,
56_0,85,85,85,85,85,85,85,85,86,85,85,85,85,85,85,85,86,86,86,86,85,87,87,87,79,83,87,,,
56_1,53,53,52,53,53,53,53,53,53,53,53,53,53,53,54,54,53,54,53,53,53,56,57,57,56,62,63,,,
57_0,68,68,68,68,68,68,68,68,68,68,68,68,77,80,75,68,68,68,68,68,68,70,69,69,71,71,70,,,
57_1,58,58,58,58,58,58,59,58,59,58,58,58,66,69,65,59,58,58,58,58,59,60,61,61,62,63,61,,,
58_0,54,54,54,54,54,54,55,54,54,54,54,54,61,63,59,54,54,54,54,54,55,57,58,57,60,65,65,,,
58_1,43,43,43,43,43,43,43,43,43,43,43,43,49,49,46,43,43,43,43,43,43,46,48,48,50,54,53,,,
59_0,74,74,74,73,75,73,72,72,74,73,73,73,71,75,75,75,74,76,74,74,74,78,78,78,63,63,63,,,
59_1,48,49,48,48,49,48,48,48,49,48,49,48,48,49,49,49,49,50,49,49,50,53,53,53,48,49,48,,,
60_0,58,59,59,59,59,59,59,58,59,59,59,59,59,59,59,59,59,59,59,59,60,64,66,67,60,61,60,,,
60_1,48,48,48,48,48,48,48,48,48,48,48,48,48,49,48,49,49,49,49,48,50,53,54,54,50,52,51,,,
61_0,70,71,71,71,71,70,70,71,71,71,70,71,70,71,71,71,71,71,71,71,71,75,75,76,62,62,61,,,
61_1,50,50,51,50,51,50,50,51,51,50,50,51,50,51,50,51,51,51,51,51,51,54,55,56,50,51,50,,,
62_0,80,80,81,81,81,80,81,80,80,82,81,82,81,81,81,81,81,81,81,81,78,80,80,81,70,71,71,,,
62_1,60,60,60,60,60,60,60,60,60,61,61,61,60,60,60,60,60,59,60,60,58,60,60,61,56,58,58,,,
63_0,82,84,83,83,83,83,83,83,83,83,83,83,82,82,84,84,83,84,83,83,84,86,85,86,73,74,73,,,
63_1,62,64,62,62,63,62,62,62,62,62,62,62,62,62,64,64,62,64,62,62,64,67,65,66,58,59,59,,,
64_0,76,76,77,76,77,76,76,76,77,77,75,77,75,76,77,77,77,77,77,78,76,79,82,83,68,66,64,,,
64_1,52,51,52,52,51,52,53,51,52,51,52,52,52,51,51,52,51,52,52,53,52,55,56,56,51,52,50,,,
65_0,60,60,60,60,60,60,60,60,60,60,60,60,60,60,60,60,60,60,60,60,61,62,64,64,58,58,57,,,
65_1,48,48,48,48,49,48,48,48,49,48,49,49,49,49,49,49,49,49,49,49,49,51,53,54,50,51,50,,,
66_0,78,78,78,78,78,78,78,78,78,78,79,78,78,79,79,79,79,79,79,79,79,79,81,81,78,78,79,,,
66_1,62,62,63,63,63,63,62,62,62,62,63,63,63,63,63,63,63,63,63,63,63,64,65,66,64,64,64,,,
67_0,85,85,85,85,85,85,85,84,85,85,85,86,84,86,86,86,86,86,86,86,86,86,87,87,74,74,73,,,
67_1,61,61,61,61,62,61,61,62,61,62,61,63,62,63,62,63,62,62,63,62,62,63,65,65,59,59,59,,,
68_0,85,85,85,85,85,85,85,85,86,85,85,85,85,86,86,86,86,86,86,85,86,88,87,88,72,71,70,,,
68_1,55,54,55,54,55,55,54,55,55,55,55,55,55,55,56,56,56,55,55,55,55,57,57,58,54,54,54,,,
69_0,68,67,68,67,68,67,67,67,68,68,68,67,68,68,68,69,68,68,68,68,69,70,69,70,64,65,65,,,
69_1,54,53,54,53,54,54,53,53,54,54,54,53,54,54,54,54,54,54,54,54,55,56,56,57,54,55,54,,,
70_0,83,83,82,81,82,82,81,79,83,81,81,81,82,81,83,83,83,83,83,83,83,84,83,84,73,73,72,,,
70_1,60,61,61,61,61,60,60,60,61,60,60,60,60,61,61,61,62,62,61,62,62,62,63,64,59,60,60,,,
71_0,87,85,87,86,85,86,85,86,86,87,86,86,85,86,86,86,87,87,87,87,82,83,81,81,73,74,74,,,
71_1,66,65,66,66,65,66,66,66,66,66,65,65,65,66,66,67,66,66,66,67,64,65,64,65,60,61,61,,,
72_0,56,57,57,57,57,57,57,56,57,57,57,57,57,57,57,57,57,57,57,57,58,61,63,64,55,54,56,,,
72_1,44,45,44,45,45,45,45,45,45,45,45,45,45,45,45,45,45,45,45,45,46,49,51,52,46,47,50,,,
73_0,61,61,61,61,61,61,61,60,61,61,61,61,61,61,61,61,61,61,61,61,62,64,66,67,58,57,58,,,
73_1,47,47,47,47,47,47,47,47,47,47,47,47,47,47,47,47,47,47,47,47,48,51,52,53,47,48,50,,,
74_0,73,73,73,73,73,73,73,73,73,73,74,73,73,73,74,73,74,73,73,74,74,76,78,80,65,62,64,,,
74_1,62,62,62,62,62,62,62,62,63,62,63,62,62,63,63,63,63,63,63,63,63,66,68,71,56,54,57,,,
75_0,80,80,80,80,80,80,80,79,80,80,80,80,80,80,80,80,81,80,80,80,81,83,84,85,77,77,79,,,
75_1,58,59,59,59,59,59,59,58,59,59,59,59,59,60,59,59,59,59,59,59,60,62,65,65,59,60,63,,,
76_0,53,52,52,52,52,56,52,51,51,52,51,52,51,51,51,52,52,52,52,53,52,55,55,62,58,59,63,,,
76_1,46,44,44,46,44,48,44,44,44,44,44,44,44,44,44,45,45,44,45,46,45,49,49,54,51,53,57,,,
77_0,58,58,58,57,58,63,57,57,57,57,57,57,57,57,57,57,57,57,58,58,58,60,62,71,66,70,73,,,
77_1,44,45,45,44,44,48,44,44,44,44,43,44,44,44,44,44,44,44,44,45,44,47,49,54,51,54,57,,,
78_0,86,86,86,86,86,88,86,85,85,85,85,85,84,85,85,86,86,86,86,86,86,88,88,90,75,79,84,,,
78_1,54,53,54,54,53,56,53,53,53,53,53,53,52,53,53,53,54,54,54,53,53,56,56,60,55,59,62,,,
79_0,61,61,62,62,62,67,61,60,61,61,61,61,60,61,61,61,61,62,61,61,62,63,64,72,72,76,81,,,
79_1,47,47,48,47,48,51,47,47,47,47,47,47,47,47,47,47,47,48,48,48,49,49,52,59,59,64,69,,,
80_0,63,63,63,63,64,64,64,64,64,64,64,64,63,64,64,64,64,64,64,64,65,67,69,70,60,58,57,,,
80_1,51,52,51,51,53,52,52,52,52,52,51,52,51,52,52,53,52,52,52,52,53,55,57,58,51,51,50,,,
81_0,64,64,64,66,66,65,65,65,65,65,65,65,64,65,65,65,66,66,65,66,66,67,68,68,63,63,62,,,
81_1,49,49,49,50,50,49,49,49,49,49,49,49,49,49,49,49,50,50,49,50,51,52,54,55,52,52,50,,,
82_0,84,84,85,85,86,84,84,84,84,85,86,84,84,84,85,85,85,85,85,85,86,87,86,87,73,74,73,,,
82_1,71,71,72,72,73,72,71,71,71,72,73,71,72,71,72,72,72,72,72,71,73,75,76,77,63,64,62,,,
83_0,70,70,70,71,71,70,70,71,71,71,71,71,71,71,71,71,71,71,71,71,71,73,72,71,69,69,69,,,
83_1,65,64,65,66,65,65,65,65,66,65,66,64,65,65,65,64,66,65,65,65,66,68,69,68,63,62,62,,,
84_0,70,70,70,70,70,71,70,70,70,70,70,70,70,71,70,70,70,71,71,70,71,74,76,76,66,66,65,,,
84_1,53,54,54,54,54,54,54,54,54,54,54,54,55,55,54,54,53,54,54,54,55,58,60,61,53,54,53,,,
85_0,76,76,76,76,76,76,77,76,76,76,76,76,76,77,76,77,77,77,77,77,77,80,83,84,70,67,67,,,
85_1,61,61,61,61,62,61,62,61,62,61,61,61,62,62,61,62,62,62,62,62,62,67,71,72,58,57,56,,,
86_0,40,41,40,41,42,42,42,41,41,42,42,42,41,42,42,42,42,42,41,42,42,45,47,48,54,55,55,,,
86_1,34,34,34,34,35,35,35,35,35,35,35,36,36,36,35,36,36,36,36,36,37,40,42,43,48,48,48,,,
87_0,78,78,79,79,79,78,78,77,77,79,79,78,77,77,78,79,78,78,79,79,79,83,84,85,70,69,68,,,
87_1,50,50,50,50,51,50,50,50,50,50,50,51,51,51,50,51,51,51,51,51,51,55,56,56,52,53,52,,,
88_0,55,55,55,55,55,56,55,55,55,55,55,55,55,55,55,55,55,56,55,55,56,58,59,59,57,56,56,,,
88_1,43,43,43,43,43,43,43,43,43,43,43,43,43,43,44,44,43,43,43,43,45,47,48,49,47,46,46,,,
89_0,83,83,84,82,84,83,83,83,83,84,83,84,84,83,84,84,84,83,84,84,85,88,86,87,70,69,68,,,
89_1,64,64,65,64,64,64,65,64,65,64,64,66,65,65,66,65,66,66,65,65,66,70,70,71,58,57,57,,,
90_0,62,62,62,62,62,62,62,62,62,62,62,62,62,62,62,62,62,62,62,62,63,64,64,65,62,62,62,,,
90_1,47,47,47,47,47,47,47,48,48,47,47,48,48,48,48,48,47,48,47,48,48,50,51,51,51,51,51,,,
91_0,69,71,72,72,64,71,72,72,65,71,73,73,72,70,72,73,72,69,71,72,72,71,79,82,68,64,63,,,
91_1,53,54,54,54,50,54,54,54,49,54,55,55,55,54,55,55,55,54,54,55,55,55,61,62,53,53,52,,,
92_0,73,73,73,73,73,73,73,73,73,73,73,73,73,73,73,73,73,73,73,73,74,75,74,75,74,74,74,,,
92_1,48,48,48,48,48,49,48,48,48,48,48,48,48,48,49,48,48,49,48,48,50,52,51,52,54,54,54,,,
93_0,56,57,57,57,57,57,57,56,57,57,57,57,57,57,57,57,57,57,57,57,58,61,62,63,56,55,55,,,
93_1,45,45,45,45,45,45,45,45,45,45,45,45,45,45,45,45,45,45,45,46,47,50,52,52,47,47,47,,,
94_0,72,72,72,72,72,72,72,71,72,72,72,72,71,72,73,73,73,73,73,73,73,77,79,81,71,71,70,,,
94_1,53,52,53,53,53,53,53,53,53,53,53,53,52,53,53,53,53,53,53,53,53,57,59,59,55,55,56,,,
95_0,63,63,63,64,64,63,64,63,63,63,63,63,63,63,63,64,63,63,63,63,64,66,68,68,61,59,59,,,
95_1,50,50,50,50,51,50,50,50,50,50,50,50,50,50,50,51,50,51,50,51,51,53,56,56,50,49,50,,,
96_0,63,63,63,63,63,63,63,63,63,63,63,63,63,63,63,63,63,63,63,63,64,66,67,68,61,59,60,,,
96_1,46,46,47,47,47,47,47,47,47,47,47,47,47,47,47,47,47,47,47,47,48,50,51,52,48,48,48,,,
97_0,61,61,61,61,66,67,62,62,61,62,61,64,66,62,60,60,59,59,63,67,64,59,59,58,58,59,59,,,
97_1,70,71,71,72,77,77,73,72,71,72,72,75,77,72,70,70,70,69,74,77,74,69,71,71,64,65,65,,,
98_0,52,52,52,52,56,56,52,52,52,52,52,54,56,53,52,51,52,52,55,57,58,54,54,54,56,56,57,,,
98_1,41,41,41,42,45,45,42,42,42,42,42,44,45,42,41,41,42,42,44,45,46,44,46,47,48,49,49,,,
99_0,68,68,68,68,77,77,71,69,69,70,70,73,76,71,68,67,67,66,71,78,75,66,64,64,63,63,64,,,
99_1,51,52,52,52,56,57,53,52,53,54,54,56,57,53,51,51,52,51,55,58,55,50,51,52,52,52,53,,,
100_0,84,84,84,84,74,83,85,82,85,85,84,87,75,85,86,86,86,86,87,76,85,86,86,84,73,74,74,,,
100_1,47,47,48,48,45,48,48,47,48,47,48,48,45,48,48,48,48,48,49,45,49,50,51,51,51,52,52,,,
101_0,60,61,61,61,61,61,61,61,61,61,61,61,61,61,61,62,62,61,61,61,62,66,67,67,59,58,58,,,
101_1,49,50,50,50,50,50,50,50,50,50,50,50,50,50,50,51,50,50,50,50,52,59,60,62,50,50,50,,,
102_0,79,80,80,80,80,80,80,79,80,80,80,80,79,80,80,80,80,80,80,80,81,83,84,86,77,76,74,,,
102_1,65,65,65,65,65,65,65,65,65,65,65,65,65,65,66,66,66,65,65,66,66,68,69,70,64,65,62,,,
103_0,74,75,74,75,75,75,75,75,74,76,75,77,75,75,74,74,74,74,75,77,72,74,76,76,63,61,61,,,
103_1,50,51,50,51,50,51,51,51,51,52,51,52,51,51,50,50,51,50,51,52,49,54,55,55,50,50,50,,,
104_0,80,80,80,80,80,80,80,79,80,80,80,81,81,81,81,81,81,81,81,81,81,85,86,86,76,78,79,,,
104_1,56,57,57,57,56,56,57,57,57,57,57,57,57,57,57,57,58,57,57,57,58,63,64,65,60,61,61,,,
105_0,77,77,78,77,78,77,77,77,78,77,78,78,78,78,78,77,78,77,78,77,78,83,84,85,67,64,64,,,
105_1,69,69,70,69,70,69,69,69,69,69,70,70,69,70,70,69,70,69,70,70,70,78,80,81,62,60,61,,,
106_0,68,68,69,68,69,66,69,68,66,68,43,43,41,43,41,42,43,44,44,40,40,46,49,48,48,60,61,,,
106_1,54,53,55,54,54,53,54,55,54,54,34,35,39,34,34,35,35,36,37,33,33,40,42,42,41,52,52,,,
107_0,72,72,72,72,72,72,72,72,72,72,72,71,71,71,71,72,72,71,72,72,72,76,79,79,66,65,65,,,
107_1,53,53,53,53,53,53,53,53,53,53,53,53,53,53,53,53,53,53,53,53,53,58,60,60,53,53,53,,,
108_0,79,79,79,79,79,79,79,79,79,79,79,79,79,79,80,80,80,80,79,80,80,85,87,87,70,69,70,,,
108_1,54,54,54,54,54,54,54,54,54,54,54,54,54,54,54,54,55,54,54,55,55,59,61,61,54,54,56,,,
109_0,67,67,67,67,67,67,67,67,67,67,67,67,66,67,67,67,67,67,67,67,68,71,74,73,65,65,66,,,
109_1,48,48,48,48,48,48,48,48,49,48,48,48,48,48,48,48,48,48,48,48,50,54,55,55,50,51,53,,,
110_0,69,70,69,69,69,69,69,69,69,69,69,69,69,70,69,70,70,70,70,70,71,74,77,77,63,63,63,,,
110_1,56,56,57,56,56,56,56,55,56,56,56,56,56,56,56,57,57,57,57,56,58,62,67,68,52,54,54,,,
111_0,40,40,40,41,41,41,41,41,41,41,41,41,41,41,41,41,41,41,41,41,42,45,48,49,53,54,55,,,
111_1,35,34,33,32,33,33,33,33,33,33,33,33,33,33,33,34,33,34,33,33,35,38,41,42,45,46,47,,,
112_0,51,49,50,51,51,50,50,49,50,50,50,50,49,50,50,51,50,50,50,51,51,54,56,57,57,59,60,,,
112_1,43,42,42,42,42,43,42,43,43,43,42,43,42,43,42,43,43,43,43,43,43,46,49,50,51,54,55,,,
113_0,75,66,65,66,63,65,65,64,67,64,64,66,65,63,68,64,64,66,65,63,63,64,69,69,64,63,62,,,
113_1,58,51,52,52,50,50,52,51,52,49,50,53,52,51,54,51,50,52,50,49,49,51,57,58,53,52,51,,,
114_0,77,77,77,77,77,77,77,77,77,77,77,78,77,78,78,78,78,78,78,78,78,83,86,87,71,69,70,,,
114_1,53,53,54,53,54,54,53,53,54,53,54,54,54,54,54,54,54,54,54,54,54,58,60,61,51,52,54,,,
115_0,54,54,54,54,54,54,54,54,54,54,54,54,54,54,54,55,54,54,54,54,55,58,60,61,56,60,61,,,
115_1,44,44,44,44,44,44,44,44,44,44,44,44,44,44,44,45,44,45,44,44,46,49,51,53,48,53,54,,,
116_0,59,59,59,59,59,59,59,59,59,59,59,59,59,59,59,59,59,59,59,59,60,63,65,66,59,64,65,,,
116_1,44,45,45,45,44,45,45,45,45,45,45,45,45,45,45,45,45,45,45,45,47,50,52,53,47,52,53,,,
117_0,59,60,60,60,60,60,59,60,59,60,60,60,60,60,60,60,60,60,60,60,60,63,65,66,60,64,66,,,
117_1,49,49,49,49,49,49,49,49,49,49,49,49,49,50,50,50,50,50,49,50,50,53,55,56,51,56,58,,,
118_0,77,76,76,76,76,77,76,76,74,76,76,77,77,76,76,76,76,77,77,77,77,81,83,85,70,69,69,,,
118_1,45,44,44,44,45,46,44,44,44,44,44,44,45,44,45,44,44,46,45,46,44,49,51,54,47,49,50,,,
119_0,64,59,58,58,64,61,59,59,64,63,58,58,58,62,59,59,59,64,60,59,60,69,66,65,58,60,62,,,
119_1,58,54,53,54,58,56,54,54,59,58,54,54,54,57,55,54,54,59,55,55,56,66,64,64,54,56,59,,,
120_0,78,78,78,78,77,79,78,78,70,79,79,79,78,78,79,79,79,78,79,79,79,83,87,86,70,72,73,,,
120_1,47,47,47,47,47,47,47,47,44,48,47,47,47,47,47,47,47,48,47,47,47,53,55,54,50,53,54,,,
121_0,40,38,39,38,41,40,39,39,41,41,39,39,39,40,39,39,39,41,39,39,40,45,46,46,53,55,58,,,
121_1,37,35,35,35,37,36,35,36,38,37,35,35,35,36,35,35,36,38,36,36,37,42,43,43,48,51,54,,,
122_0,78,79,79,79,76,78,79,78,72,79,79,80,78,78,79,80,80,78,80,80,81,84,87,87,72,72,74,,,
122_1,51,51,51,51,51,51,50,51,47,52,51,51,51,51,51,51,51,51,51,52,53,56,57,57,52,54,56,,,
123_0,64,65,65,65,65,65,65,65,65,65,65,65,65,65,65,65,65,65,65,65,66,71,73,74,63,66,69,,,
123_1,46,46,46,46,46,46,46,46,46,46,46,46,46,47,46,46,46,46,46,47,48,52,53,54,48,54,56,,,
124_0,58,58,58,58,58,58,58,58,58,58,57,59,58,58,58,58,58,57,58,59,59,61,61,62,59,59,57,,,
124_1,45,45,45,45,45,45,45,45,46,45,45,46,45,45,45,45,45,45,45,46,47,49,49,50,50,50,47,,,
125_0,71,71,71,71,71,71,71,71,71,71,71,71,71,71,71,71,71,72,71,72,72,76,79,80,64,63,66,,,
125_1,49,49,50,50,50,50,50,50,49,49,50,50,50,50,50,50,50,50,50,50,50,55,57,57,48,51,54,,,
126_0,65,65,65,65,65,65,65,65,65,65,65,65,65,65,66,65,66,65,66,66,66,71,75,76,65,66,69,,,
126_1,56,56,56,56,56,56,56,56,56,56,57,56,56,57,57,56,57,57,57,57,57,62,65,65,56,60,63,,,
127_0,78,77,79,78,78,78,78,76,78,77,77,79,77,78,79,78,78,78,79,78,79,81,85,86,73,73,74,,,
127_1,55,55,58,54,55,54,54,54,54,54,54,58,55,54,58,54,55,55,55,55,58,60,62,62,54,57,59,,,
128_0,38,38,38,38,38,38,38,38,38,38,38,38,38,38,39,39,39,39,39,39,39,43,45,46,49,52,55,,,
128_1,32,32,32,32,32,32,32,32,32,32,32,32,32,32,32,33,33,32,33,33,33,37,39,40,43,48,51,,,
129_0,67,66,67,66,66,67,66,66,67,66,66,67,66,66,66,66,66,66,66,66,67,69,71,72,64,63,66,,,
129_1,51,52,52,51,51,51,51,52,52,51,51,52,51,52,51,52,52,52,52,52,52,56,59,60,54,53,59,,,
130_0,70,70,70,70,70,70,70,70,70,71,70,70,70,70,70,70,70,70,70,70,71,73,75,76,68,64,67,,,
130_1,54,54,54,53,54,54,54,54,54,54,54,54,54,54,54,54,54,54,54,54,55,57,59,60,54,52,58,,,
131_0,68,68,68,67,67,68,68,68,68,68,67,68,67,67,68,68,68,68,68,68,68,71,73,73,66,63,66,,,
131_1,50,50,50,50,50,50,50,50,50,50,50,50,50,50,50,50,50,50,50,50,50,55,57,57,51,51,57,,,
132_0,78,78,79,78,77,79,78,78,78,77,77,78,76,80,78,78,78,77,79,78,79,81,81,82,69,69,72,,,
132_1,51,51,51,52,51,52,52,51,51,51,52,52,51,52,51,51,52,51,52,51,53,54,55,55,52,55,58,,,
133_0,77,77,77,77,77,77,78,77,77,77,77,78,78,77,77,77,77,77,77,77,77,80,80,79,69,70,72,,,
133_1,62,62,62,62,62,62,62,62,62,62,62,63,63,62,62,62,63,62,63,62,62,65,66,65,59,60,64,,,
134_0,67,67,67,66,66,67,68,66,67,67,68,68,67,67,67,68,68,68,67,68,67,70,71,71,63,66,70,,,
134_1,52,51,51,51,51,51,51,52,52,52,54,52,52,52,52,52,53,52,52,52,51,56,56,57,52,57,61,,,
135_0,55,56,56,56,56,56,56,55,56,56,55,56,56,56,56,56,56,55,56,57,57,59,60,60,59,60,58,,,
135_1,40,41,41,41,41,41,42,41,41,41,41,42,41,41,42,41,41,42,41,43,42,45,46,47,49,49,46,,,
136_0,83,83,82,83,83,83,83,83,83,83,83,83,83,83,83,83,83,83,83,83,84,87,87,87,74,74,78,,,
136_1,63,63,63,63,63,63,63,63,63,63,63,64,64,64,63,64,64,63,64,63,64,69,70,71,57,62,66,,,
137_0,60,60,60,60,60,60,60,59,60,59,59,60,59,59,60,59,59,59,59,60,60,61,61,61,62,63,60,,,
137_1,52,52,52,52,52,52,52,52,52,52,52,53,52,52,52,52,52,52,52,53,52,54,55,55,54,55,51,,,
138_0,87,87,87,87,87,87,86,86,87,86,86,88,86,87,87,87,86,85,86,87,87,89,88,87,77,78,75,,,
138_1,53,53,53,53,53,53,52,53,54,53,53,54,52,53,53,53,52,52,52,54,53,55,56,56,57,58,55,,,
139_0,54,54,54,55,55,54,54,55,55,55,55,55,55,55,55,55,55,55,55,55,56,58,61,61,58,63,62,,,
139_1,39,39,39,40,40,39,39,40,40,40,40,40,40,40,40,40,40,40,40,40,41,43,45,46,46,48,48,,,
140_0,64,64,64,64,64,65,64,63,64,64,64,64,63,63,64,64,64,64,65,64,65,67,71,71,61,60,60,,,
140_1,52,52,51,52,52,53,51,52,53,52,53,52,52,52,52,53,52,52,53,52,53,56,59,60,52,53,53,,,
141_0,68,68,68,67,67,67,67,67,67,68,68,68,68,67,68,68,68,68,67,68,68,72,74,73,61,61,61,,,
141_1,52,52,52,51,51,51,51,51,51,51,51,52,52,51,51,51,52,52,51,51,53,57,59,57,52,52,52,,,
142_0,72,72,72,72,72,72,72,72,72,72,72,72,72,72,73,73,73,77,74,72,73,75,78,76,66,66,66,,,
142_1,54,54,54,54,55,55,55,54,55,55,55,54,55,55,55,55,55,57,56,55,55,58,61,60,53,54,53,,,
143_0,50,49,51,47,47,43,43,43,43,44,43,44,43,44,44,47,48,50,51,45,44,47,78,87,71,71,70,,,
143_1,40,42,40,38,37,37,37,37,37,38,37,37,37,37,37,41,41,43,44,39,38,41,72,77,62,62,61,,,
144_0,65,65,64,65,65,65,64,65,65,64,65,65,65,64,66,66,66,66,65,66,66,68,69,68,63,62,62,,,
144_1,50,49,49,50,50,50,49,50,50,50,51,49,50,49,51,50,51,51,49,51,50,54,56,55,51,51,50,,,
145_0,58,58,58,59,62,62,59,59,59,59,59,60,63,59,58,58,58,59,60,63,62,63,64,64,59,60,59,,,
145_1,47,47,47,47,50,50,46,47,47,47,47,48,51,47,47,46,47,47,48,50,50,51,53,53,48,49,48,,,
146_0,61,62,61,61,66,66,62,62,62,62,62,64,66,62,61,61,61,61,63,67,66,65,66,66,62,62,61,,,
146_1,46,47,47,46,50,50,46,47,47,47,46,49,50,47,47,46,46,46,48,50,50,51,52,53,50,50,49,,,
147_0,68,68,68,68,73,73,70,69,69,69,69,71,73,70,68,68,68,68,71,74,73,72,73,72,64,64,63,,,
147_1,54,54,54,54,58,57,55,54,54,55,55,57,58,55,54,54,54,54,57,58,58,57,59,59,54,55,54,,,
148_0,78,79,78,78,69,76,77,76,77,78,78,79,70,78,80,80,78,80,78,71,78,82,85,86,71,70,70,,,
148_1,56,57,56,56,51,56,56,55,56,57,57,57,52,57,57,57,56,57,55,52,58,61,62,63,56,56,56,,,
149_0,70,70,70,70,73,73,71,70,70,69,71,72,74,71,70,70,70,70,72,74,74,74,74,73,67,67,67,,,
149_1,47,46,46,48,49,49,46,47,47,47,47,48,49,48,48,46,47,46,49,50,49,51,52,52,50,50,49,,,
150_0,76,76,76,76,79,79,77,77,77,77,77,79,79,78,77,76,76,76,79,80,80,80,79,79,67,67,67,,,
150_1,48,48,49,49,51,50,49,49,49,49,49,51,51,49,49,48,48,49,51,51,51,52,52,53,50,50,50,,,
151_0,70,70,71,71,70,70,70,70,70,70,71,70,70,72,72,71,71,71,71,71,72,76,78,81,67,67,66,,,
151_1,57,57,58,57,57,58,57,58,57,57,57,57,58,59,58,58,58,58,58,58,58,62,65,67,58,58,56,,,
152_0,83,84,84,83,71,81,84,81,84,84,84,86,72,86,85,86,85,85,83,73,82,86,86,85,72,72,73,,,
152_1,55,56,57,56,50,55,57,55,57,57,57,58,50,59,58,59,58,58,57,51,57,61,62,64,56,57,58,,,
153_0,65,65,65,65,68,68,65,65,65,65,66,68,68,66,65,65,64,65,68,69,69,68,66,65,63,64,64,,,
153_1,49,48,49,49,50,51,49,49,49,48,49,51,51,49,49,49,48,49,51,51,51,52,52,52,50,50,50,,,
154_0,60,60,60,60,60,60,60,60,60,60,60,60,60,61,60,61,61,66,65,61,61,65,67,68,61,61,61,,,
154_1,50,50,50,50,50,50,50,50,50,50,50,50,50,50,50,50,50,54,53,50,51,56,58,59,53,54,54,,,
155_0,62,61,62,61,61,62,62,62,62,62,62,62,62,62,62,62,62,62,62,62,63,66,67,70,61,63,62,,,
155_1,47,46,47,47,47,47,47,47,47,47,47,47,47,46,47,47,47,47,47,47,48,52,53,54,49,50,50,,,
156_0,76,76,77,76,76,76,76,76,76,76,76,76,76,76,77,76,77,77,77,77,78,80,84,85,69,66,66,,,
156_1,61,61,61,60,61,61,61,61,61,61,61,61,61,61,62,61,62,62,62,62,63,65,69,68,56,56,56,,,
157_0,76,77,77,76,77,76,76,75,75,77,76,76,77,77,76,77,76,77,77,77,78,81,82,84,70,69,69,,,
157_1,51,52,52,51,51,51,52,51,51,51,52,52,51,52,52,52,52,52,51,51,52,57,58,59,51,52,52,,,
158_0,64,59,59,59,64,60,59,59,65,64,59,59,58,62,59,59,59,65,60,59,60,69,62,62,64,65,69,,,
158_1,52,48,48,48,52,49,48,48,52,51,48,48,47,50,48,48,48,52,48,48,49,58,53,53,54,55,58,,,
159_0,64,59,58,58,63,61,59,58,64,63,59,59,57,62,59,59,59,64,60,59,59,66,61,62,57,58,61,,,
159_1,44,41,41,41,45,43,41,41,45,45,41,42,41,43,42,42,42,45,42,42,43,49,45,47,46,48,50,,,
160_0,68,63,62,62,68,65,63,63,68,68,63,63,62,66,63,63,63,68,64,63,63,71,65,65,61,61,63,,,
160_1,53,49,48,49,53,50,49,49,53,52,49,49,49,51,49,49,49,53,50,49,49,57,52,53,51,51,53,,,
161_0,84,84,86,85,81,85,84,84,75,86,85,86,85,85,86,86,86,83,85,86,86,89,86,87,74,74,75,,,
161_1,60,59,61,61,59,61,60,60,54,61,61,61,61,61,62,61,61,61,61,61,62,67,65,67,57,57,58,,,
162_0,69,68,69,69,68,68,70,69,69,69,69,69,69,69,69,69,70,70,70,70,70,73,76,76,65,64,63,,,
162_1,52,52,52,52,52,52,53,52,52,52,52,52,53,53,52,53,53,53,53,53,54,56,59,59,54,54,53,,,
163_0,60,60,60,60,60,60,60,60,60,60,60,60,60,61,61,61,61,60,60,60,61,64,64,64,59,60,62,,,
163_1,45,45,45,46,46,46,46,46,46,46,45,45,45,46,46,46,46,46,46,46,46,50,51,51,48,50,51,,,
164_0,69,69,70,70,69,70,70,69,69,69,69,70,69,71,70,71,70,70,70,69,71,73,72,71,64,66,67,,,
164_1,50,50,50,51,51,51,51,51,51,51,51,51,51,51,51,51,51,51,51,51,51,55,55,55,52,55,55,,,
165_0,77,76,76,77,77,77,77,76,77,77,77,77,77,77,77,77,77,77,77,77,77,80,80,80,69,69,70,,,
165_1,58,57,58,58,58,58,57,58,58,59,58,58,58,58,58,59,58,58,59,59,58,63,64,65,58,58,58,,,
166_0,82,82,82,83,82,85,82,80,82,83,84,84,83,82,84,85,83,84,84,84,83,88,86,85,71,72,73,,,
166_1,54,54,54,54,54,55,54,55,55,54,54,55,55,55,54,55,55,54,55,54,55,59,58,58,54,55,56,,,
167_0,58,58,58,58,58,58,58,58,58,58,58,58,58,58,58,58,58,58,58,58,59,64,68,69,61,66,68,,,
167_1,45,45,45,46,46,46,46,45,46,46,46,46,46,46,46,46,46,46,46,46,47,51,54,54,49,55,56,,,
168_0,73,73,73,73,73,73,73,72,74,73,73,74,73,73,73,73,73,73,73,73,73,76,79,80,69,65,66,,,
168_1,56,56,56,56,57,57,57,56,57,57,57,57,56,56,56,56,56,56,56,56,56,60,63,63,55,53,56,,,
169_0,73,72,73,73,73,73,73,72,73,73,72,72,73,71,73,73,72,71,72,73,73,75,79,81,68,66,66,,,
169_1,52,52,53,53,53,53,52,53,54,53,53,52,53,53,53,53,54,53,53,53,53,55,59,60,54,53,53,,,
170_0,44,46,47,46,44,45,46,44,46,48,48,48,46,46,46,46,45,45,45,45,46,48,52,53,54,55,56,,,
170_1,34,36,35,36,35,35,35,36,35,36,36,36,36,36,36,37,36,37,37,35,38,41,44,44,44,45,47,,,
171_0,67,67,67,67,67,67,67,67,67,67,67,67,67,67,67,67,67,67,67,67,67,70,70,71,74,78,79,,,
171_1,45,45,46,46,46,46,46,46,46,46,45,45,45,46,46,46,46,46,46,46,46,49,50,51,54,57,58,,,
172_0,74,74,74,74,75,75,74,74,75,75,74,75,74,75,75,75,75,75,75,75,75,76,75,75,65,67,68,,,
172_1,49,50,50,50,50,50,50,50,50,49,50,50,49,49,50,50,50,50,49,50,50,52,52,54,50,53,54,,,
173_0,80,80,80,79,79,80,80,80,80,81,81,80,81,81,81,81,80,81,81,81,81,84,86,87,72,71,69,,,
173_1,64,63,64,63,63,63,64,64,64,64,64,64,65,64,65,65,64,64,65,64,65,67,69,69,60,61,59,,,
174_0,60,60,59,59,60,60,59,59,60,60,59,60,60,59,59,60,60,60,60,59,61,61,61,62,61,62,63,,,
174_1,56,55,54,57,57,56,54,57,59,56,57,56,57,55,55,58,59,56,57,55,59,58,59,64,56,58,59,,,
175_0,86,86,86,86,86,87,86,86,87,86,86,87,86,87,87,87,87,87,87,87,87,88,88,87,72,73,73,,,
175_1,64,64,64,64,64,64,64,64,65,64,64,65,64,64,65,65,65,65,65,65,65,67,69,70,59,60,61,,,
176_0,72,72,72,72,72,72,72,73,72,72,73,72,72,72,72,73,72,73,73,72,73,77,79,81,69,66,67,,,
176_1,56,56,56,56,56,56,56,57,57,57,57,56,57,57,57,58,57,57,57,57,57,62,63,65,55,55,57,,,
177_0,65,65,65,64,64,64,65,65,64,65,65,65,64,65,65,65,65,65,65,65,65,68,70,72,62,60,61,,,
177_1,48,48,48,47,47,48,48,48,48,48,48,48,48,49,49,48,48,48,49,49,48,52,54,57,50,49,52,,,
178_0,69,69,69,69,69,69,69,70,69,69,69,69,69,69,69,69,70,69,70,69,70,73,75,77,67,64,64,,,
178_1,56,57,56,57,56,57,56,57,57,56,57,57,57,57,57,57,57,57,57,57,57,61,64,66,56,55,56,,,
179_0,73,74,73,73,73,73,73,73,73,73,73,73,72,73,74,73,74,74,73,74,74,77,80,81,70,67,68,,,
179_1,54,55,54,54,55,55,54,55,55,54,54,55,55,55,54,55,55,55,55,55,55,59,62,63,55,55,58,,,
180_0,74,74,74,73,74,74,73,73,74,74,74,74,73,74,74,75,75,75,75,75,75,79,83,83,64,62,63,,,
180_1,60,60,60,60,59,61,59,60,60,60,60,60,60,62,61,61,62,61,62,62,62,70,74,74,57,55,57,,,
181_0,67,67,67,67,67,67,67,66,67,67,67,67,66,68,68,68,68,68,68,68,68,71,74,76,63,61,62,,,
181_1,49,49,50,50,49,49,50,49,51,49,50,50,49,51,50,50,50,50,49,51,50,54,56,57,50,49,51,,,
182_0,74,74,75,75,75,75,75,75,75,75,75,75,75,75,75,76,76,75,75,75,76,80,83,84,72,69,70,,,
182_1,57,57,57,58,57,57,57,57,58,58,58,58,58,58,58,58,58,58,58,58,58,62,64,65,57,56,58,,,
183_0,75,75,76,75,76,75,75,75,76,76,76,76,76,76,76,76,76,76,76,76,77,80,83,84,70,67,68,,,
183_1,53,53,54,54,54,54,53,54,54,54,54,54,54,54,54,54,55,54,54,54,55,58,60,61,53,53,55,,,
184_0,68,67,68,68,67,67,68,67,68,68,68,68,68,68,68,68,68,68,68,68,69,71,73,74,66,66,65,,,
184_1,53,53,53,53,53,53,53,53,53,53,53,53,53,53,53,54,54,54,54,54,54,57,59,60,55,56,54,,,
185_0,80,79,80,79,79,79,79,79,79,79,79,80,80,80,80,80,80,80,80,80,80,84,86,87,70,66,65,,,
185_1,60,59,60,59,59,59,60,60,60,59,59,60,60,60,60,60,60,60,60,60,60,64,66,67,55,54,55,,,
186_0,76,76,76,76,76,77,76,76,76,76,76,76,77,76,76,76,76,76,76,76,77,81,84,86,69,67,67,,,
186_1,55,55,55,55,55,56,55,55,55,55,55,55,55,55,55,55,56,55,55,55,56,59,61,62,54,55,56,,,
187_0,74,76,77,77,68,77,77,76,70,76,77,77,77,75,76,77,77,73,77,77,78,77,82,84,74,72,71,,,
187_1,58,59,59,59,51,60,59,59,53,59,59,59,59,58,59,60,59,57,59,59,60,59,65,67,59,59,60,,,
188_0,73,72,72,72,72,73,73,70,72,73,72,71,72,73,73,72,72,73,71,73,72,74,74,75,70,71,69,,,
188_1,52,52,52,52,53,53,53,51,52,53,52,52,52,53,53,53,53,53,52,53,52,55,55,57,58,59,58,,,
189_0,41,41,41,41,41,42,42,41,42,42,42,41,41,43,42,42,42,42,42,42,42,45,46,47,56,56,56,,,
189_1,38,39,38,38,37,39,39,38,39,38,39,38,39,39,39,39,39,39,38,38,39,42,43,45,51,51,51,,,
190_0,,,,,,,,,,,,,,,,,,,,,,,,,,,,,,
190_1,,,,,,,,,,,,,,,,,,,,,,,,,,,,,,
191_0,85,88,86,87,88,87,89,86,87,86,89,86,83,86,88,87,86,88,87,87,86,89,87,87,69,81,83,,,
191_1,55,57,55,56,57,57,57,55,56,56,57,56,55,57,56,56,56,56,56,56,56,59,59,58,56,64,64,,,
192_0,58,58,59,59,58,59,58,58,58,59,59,59,59,59,59,59,59,59,59,59,59,61,62,62,60,60,58,,,
192_1,47,48,48,48,48,48,48,48,48,48,48,48,48,48,48,48,48,48,48,49,48,51,52,53,51,51,48,,,
193_0,85,85,85,86,85,85,85,85,85,85,85,85,85,85,86,86,86,86,86,86,86,87,87,87,73,73,72,,,
193_1,52,52,52,52,52,52,52,52,52,52,52,52,52,52,53,52,52,53,53,53,53,55,55,56,53,53,51,,,
194_0,75,75,75,76,75,75,75,75,74,75,76,76,75,75,75,74,74,74,75,77,72,72,71,71,66,67,65,,,
194_1,71,70,71,71,71,72,72,71,70,70,71,72,71,71,71,70,70,70,71,72,67,69,68,70,62,63,61,,,
195_0,69,69,69,69,69,69,69,69,69,69,69,69,69,69,70,70,70,70,70,70,70,71,70,70,67,67,65,,,
195_1,51,52,52,52,52,52,52,52,52,52,52,52,52,52,52,52,52,52,53,52,52,54,54,55,53,54,51,,,
196_0,61,61,61,61,63,63,63,63,63,63,63,60,60,60,60,60,60,60,61,61,61,63,65,65,59,59,59,,,
196_1,50,50,50,50,52,52,52,52,52,52,51,49,49,50,50,50,50,50,50,50,50,53,55,55,51,52,51,,,
197_0,76,77,74,76,62,69,40,39,40,40,40,40,40,40,40,44,44,46,46,41,40,44,66,71,64,64,64,,,
197_1,55,55,56,56,50,54,33,33,33,33,32,33,33,33,33,36,36,37,37,33,33,37,54,56,52,52,51,,,
198_0,80,80,82,82,82,82,82,81,81,82,82,81,81,82,82,82,82,83,82,83,83,86,87,87,72,72,71,,,
198_1,58,58,58,59,59,58,58,58,58,59,59,59,59,59,59,59,59,59,59,59,60,63,64,64,56,57,56,,,
199_0,67,67,67,69,68,68,67,67,68,68,68,68,67,68,69,69,67,68,69,69,69,72,73,73,64,64,63,,,
199_1,46,46,46,48,46,47,46,47,47,47,48,47,46,48,47,48,47,47,47,47,48,52,52,53,49,49,48,,,
200_0,58,58,58,58,58,61,58,58,58,58,58,58,57,57,58,58,58,58,58,58,58,59,60,69,60,61,59,,,
200_1,44,44,44,44,44,47,44,44,44,44,44,44,44,44,44,44,45,45,44,44,44,47,48,52,49,50,48,,,
201_0,69,69,69,69,68,72,69,68,68,68,69,69,68,69,69,69,68,69,69,69,68,70,69,78,68,68,67,,,
201_1,47,47,47,47,47,50,47,47,47,47,48,48,47,48,48,48,47,47,48,47,47,49,50,55,51,52,50,,,
202_0,86,86,86,86,86,86,86,85,86,86,86,87,85,85,86,86,86,86,86,86,86,87,87,89,74,74,73,,,
202_1,51,51,51,51,51,51,51,50,51,51,51,51,51,50,51,51,51,51,50,51,51,53,54,57,55,56,54,,,
203_0,64,64,64,64,64,68,65,63,64,64,64,64,63,63,64,64,65,65,64,64,64,65,65,72,66,66,65,,,
203_1,49,49,49,49,49,52,49,49,49,49,49,49,49,49,49,49,50,50,49,49,49,52,53,58,54,54,53,,,
204_0,68,68,68,67,68,68,68,67,68,68,67,68,67,67,67,68,67,68,67,68,68,72,74,75,62,63,62,,,
204_1,52,51,52,51,52,52,52,51,52,52,51,52,52,51,52,52,52,52,51,52,52,56,58,58,51,52,51,,,
205_0,61,62,62,62,62,62,62,61,62,62,62,62,61,62,62,62,62,62,62,62,62,65,67,67,59,60,60,,,
205_1,45,45,45,45,45,45,45,45,45,45,45,45,45,45,46,45,45,45,45,45,45,49,51,51,47,50,49,,,
206_0,76,76,76,76,76,76,77,76,76,77,76,76,76,76,76,76,76,76,76,76,77,81,84,85,71,69,68,,,
206_1,61,61,61,62,62,61,62,61,61,62,61,62,61,61,62,61,61,62,61,61,62,66,69,70,58,57,57,,,
207_0,42,41,41,41,42,42,43,42,43,71,75,75,76,76,77,77,77,77,77,77,77,79,83,84,67,65,65,,,
207_1,36,36,36,36,36,37,37,37,37,57,58,57,57,57,58,58,58,58,57,58,58,60,63,63,54,55,54,,,
208_0,66,66,66,67,67,67,67,66,66,67,67,67,67,66,67,66,66,66,66,67,67,71,73,73,64,64,64,,,
208_1,48,48,48,48,48,48,48,48,48,48,48,48,48,48,48,48,48,48,48,48,48,53,55,55,50,51,50,,,
209_0,63,63,63,63,63,63,63,63,63,63,63,63,64,64,64,64,64,64,64,64,65,68,69,70,61,61,61,,,
209_1,52,51,52,52,52,51,52,52,52,52,52,52,52,52,52,52,52,52,52,52,54,58,59,62,55,55,54,,,
210_0,40,40,41,41,40,41,40,41,40,41,40,41,40,40,41,43,40,42,41,42,41,44,47,47,51,52,52,,,
210_1,34,37,33,34,35,34,35,34,39,35,35,34,35,35,34,34,37,35,34,34,35,41,39,41,45,46,46,,,
211_0,76,76,76,77,76,77,77,76,77,77,77,77,77,77,77,77,77,77,77,77,78,82,84,86,71,69,68,,,
211_1,55,55,55,56,56,56,56,56,56,56,56,56,56,56,56,56,56,56,56,56,57,60,62,63,54,53,53,,,
212_0,69,70,70,70,70,70,70,69,70,70,70,70,70,71,70,71,71,70,71,71,71,75,78,78,68,66,66,,,
212_1,49,49,50,49,49,49,49,49,49,49,49,49,49,50,49,49,49,49,49,49,50,54,56,56,51,51,51,,,
213_0,63,63,63,63,63,63,64,63,63,64,64,64,63,64,64,64,64,64,64,64,65,68,69,68,67,67,67,,,
213_1,51,50,50,50,50,50,51,50,50,51,51,51,51,51,51,51,51,51,51,51,53,56,57,56,56,56,55,,,
214_0,68,67,67,67,68,67,68,67,67,68,68,68,67,68,68,68,68,68,68,68,69,73,75,75,71,71,71,,,
214_1,51,50,51,51,51,51,51,51,51,51,51,51,51,52,52,51,52,52,51,52,53,56,58,57,56,56,56,,,
215_0,65,66,65,65,66,65,65,65,66,66,66,66,66,66,66,66,67,66,66,67,67,72,74,74,65,65,64,,,
215_1,54,55,54,54,55,54,55,54,55,55,54,55,55,55,55,55,56,55,55,56,56,60,61,61,56,56,56,,,
216_0,81,81,80,80,80,78,80,79,80,78,80,80,77,80,81,80,79,80,81,81,81,84,86,87,70,68,68,,,
216_1,53,53,56,51,56,54,56,51,56,53,52,56,53,56,53,56,52,53,54,53,55,60,60,62,53,53,53,,,
217_0,34,34,34,34,34,34,34,34,34,34,34,34,34,34,34,35,35,35,35,35,36,40,42,42,48,48,48,,,
217_1,26,27,27,27,27,27,27,27,27,27,27,27,27,27,27,29,28,28,28,28,31,34,36,36,40,40,39,,,
218_0,77,78,78,77,72,52,48,48,48,75,80,81,81,81,81,81,81,81,81,81,81,83,87,87,74,71,70,,,
218_1,61,61,61,60,55,42,40,40,40,61,62,62,62,62,62,62,63,63,63,63,63,65,67,67,59,59,57,,,
219_0,53,53,53,53,52,53,53,53,54,53,53,53,53,53,53,54,53,53,53,53,55,57,58,57,56,56,56,,,
219_1,40,40,40,40,40,40,40,40,40,40,40,40,40,40,40,40,40,40,40,40,42,45,47,46,46,45,45,,,
220_0,52,52,52,52,52,52,51,52,52,53,52,53,52,52,52,52,52,52,52,53,53,55,57,57,57,57,57,,,
220_1,42,43,43,42,42,43,43,43,43,43,43,43,43,43,43,43,43,43,43,44,43,47,49,50,50,50,50,,,
221_0,85,85,85,86,84,83,84,84,85,85,86,86,85,85,85,85,86,85,85,86,87,88,88,87,78,79,78,,,
221_1,53,52,53,54,53,52,53,52,53,53,54,54,53,53,53,53,53,53,53,54,56,61,63,63,55,55,55,,,
222_0,64,65,65,65,65,65,65,65,65,65,65,65,65,65,65,65,65,65,65,65,66,71,74,75,59,56,55,,,
222_1,52,53,53,53,53,53,53,53,53,53,53,53,53,53,53,53,53,53,53,53,54,59,62,63,51,49,49,,,
223_0,71,71,71,71,71,71,71,69,71,71,71,71,71,71,71,71,71,71,72,72,72,75,77,77,70,70,69,,,
223_1,52,52,52,53,53,53,53,51,53,53,53,53,53,53,53,53,53,52,52,53,53,58,60,59,54,55,54,,,
224_0,74,74,74,74,74,74,75,74,75,75,75,75,75,75,75,75,75,75,75,75,75,80,83,84,68,64,64,,,
224_1,55,55,55,55,55,55,55,55,55,55,55,56,56,56,56,56,56,56,56,56,56,60,63,64,54,52,53,,,
225_0,77,78,78,77,78,78,78,77,78,78,78,78,78,78,78,78,78,78,78,78,79,83,86,87,76,75,75,,,
225_1,54,55,55,55,55,54,55,55,55,55,55,55,55,55,55,55,55,55,55,55,55,59,62,62,56,57,57,,,
226_0,78,78,78,78,78,78,78,78,78,78,78,78,78,78,78,78,78,78,78,78,79,83,87,87,67,65,63,,,
226_1,46,47,47,47,47,46,47,46,47,47,47,47,47,47,47,47,47,47,47,47,48,52,55,55,48,48,46,,,
227_0,69,69,69,69,69,69,69,69,69,69,69,69,69,69,69,69,69,69,69,69,70,73,77,78,66,64,62,,,
227_1,57,56,57,57,57,57,57,57,57,57,57,57,57,57,57,57,57,57,57,57,58,65,70,71,57,56,54,,,
228_0,52,53,53,51,53,53,53,51,52,56,59,53,51,53,52,52,53,54,53,52,53,56,58,58,59,58,58,,,
228_1,46,46,46,44,45,46,46,45,44,49,50,47,44,44,47,46,47,47,46,45,47,50,50,53,53,51,52,,,
229_0,72,72,72,73,75,75,75,74,75,75,74,70,70,71,70,71,70,71,70,71,71,73,75,76,68,68,67,,,
229_1,55,55,55,55,57,57,57,57,57,57,56,53,54,53,53,54,54,54,54,54,54,56,59,60,57,57,56,,,
230_0,75,76,76,76,76,76,76,76,76,76,76,76,76,76,76,76,76,76,76,75,76,80,84,85,70,68,67,,,
230_1,53,53,53,53,53,53,53,53,53,53,53,53,53,53,53,53,53,53,53,53,53,58,60,60,53,53,53,,,
231_0,59,59,59,59,59,59,59,59,59,59,59,59,59,59,60,59,59,59,59,59,59,62,63,62,57,58,57,,,
231_1,50,50,50,51,51,51,51,50,51,51,51,51,51,51,51,52,50,50,51,51,51,55,57,56,51,51,50,,,
232_0,67,67,66,67,67,67,67,67,66,68,68,69,67,67,67,66,66,66,66,67,63,64,65,65,61,61,60,,,
232_1,61,61,61,61,61,61,61,61,60,62,62,62,61,60,61,60,60,60,60,61,57,59,62,63,55,54,54,,,
233_0,85,85,85,84,85,85,85,84,85,86,86,86,85,85,86,86,85,85,85,85,85,87,87,87,76,77,77,,,
233_1,54,54,54,54,54,54,54,54,54,56,54,54,54,54,55,55,54,54,54,54,54,56,57,57,53,55,55,,,
234_0,66,66,66,66,66,66,66,66,67,67,67,67,67,67,67,67,66,66,66,66,67,68,68,67,70,71,71,,,
234_1,51,50,51,51,51,51,51,51,51,51,51,51,51,52,51,51,51,51,50,51,52,53,55,54,56,57,57,,,
235_0,36,36,36,36,37,37,37,37,37,37,37,37,37,37,37,37,37,37,37,37,38,43,44,45,49,49,49,,,
235_1,30,29,30,30,31,31,31,31,32,31,31,31,32,32,32,32,32,32,32,32,33,38,39,40,42,43,42,,,
236_0,65,65,65,65,65,65,65,65,65,66,66,65,65,66,66,66,66,66,66,66,66,71,72,72,62,61,61,,,
236_1,54,54,54,54,54,54,54,54,54,54,55,55,54,55,55,55,55,55,55,55,55,63,64,66,56,56,56,,,
237_0,79,79,79,79,79,79,79,79,79,80,79,79,79,79,80,80,80,80,80,80,81,85,87,87,72,71,72,,,
237_1,51,51,51,51,51,51,51,51,51,51,51,51,51,51,51,51,51,51,51,51,53,56,57,58,53,53,55,,,
238_0,63,63,63,63,63,63,63,63,63,63,63,63,62,63,63,63,64,64,63,64,64,69,71,71,63,61,62,,,
238_1,45,45,45,45,46,45,45,45,45,45,45,45,45,45,45,45,46,46,45,46,46,52,51,52,48,48,49,,,
239_0,49,49,49,49,50,52,49,49,49,49,49,49,49,49,49,49,49,49,49,49,50,52,53,57,56,57,56,,,
239_1,42,42,42,42,42,44,42,42,42,42,42,42,42,42,43,42,42,42,42,42,43,45,47,51,50,51,50,,,
240_0,86,86,86,86,86,86,86,85,85,86,86,86,85,86,86,85,85,85,86,85,86,87,87,92,72,72,72,,,
240_1,54,54,54,54,54,54,53,53,53,54,54,53,53,53,54,53,53,54,54,54,54,55,57,61,54,54,54,,,
241_0,66,66,66,65,66,69,65,64,66,67,66,66,64,66,67,66,65,65,66,66,67,69,68,76,66,66,65,,,
241_1,49,49,49,50,49,52,49,49,49,49,49,49,49,50,49,49,49,49,49,49,50,52,53,58,54,54,53,,,
242_0,72,72,72,72,72,76,73,72,72,72,72,72,72,72,73,71,71,72,72,71,72,74,74,81,73,73,73,,,
242_1,56,56,56,56,56,59,56,57,56,56,56,56,57,56,56,56,55,56,56,56,56,59,59,65,61,61,60,,,
243_0,62,62,62,63,61,62,61,61,61,62,62,61,62,61,62,62,62,62,62,62,63,68,70,71,60,61,60,,,
243_1,47,47,47,48,48,47,47,47,47,47,47,47,47,47,47,48,48,48,47,48,49,52,53,53,51,53,51,,,
244_0,69,69,68,69,69,68,69,68,68,69,68,69,68,69,69,69,68,69,69,69,69,72,74,74,65,64,63,,,
244_1,55,56,57,55,56,56,56,56,56,55,56,57,56,56,56,56,56,56,55,56,57,60,63,64,54,55,53,,,
245_0,61,61,61,61,61,61,61,61,62,62,62,62,62,62,61,62,62,62,62,62,63,67,67,68,61,60,59,,,
245_1,46,46,46,47,47,46,46,47,46,47,47,47,47,47,47,47,47,47,47,47,48,53,52,53,49,49,48,,,
246_0,76,76,76,76,75,76,75,74,76,76,76,76,75,75,76,75,77,77,75,76,75,79,81,80,74,75,74,,,
246_1,59,59,58,59,57,59,58,58,59,58,59,58,58,58,59,58,59,59,59,59,58,62,63,63,59,60,60,,,
247_0,81,81,82,82,82,83,82,82,82,82,82,82,82,83,83,83,83,83,83,83,83,87,88,87,74,72,71,,,
247_1,55,54,54,55,55,55,55,55,55,55,55,55,55,55,55,55,55,55,55,55,55,60,60,60,55,56,55,,,
248_0,70,71,70,69,70,70,70,71,70,71,70,71,70,70,70,71,71,71,70,71,73,75,76,76,64,64,62,,,
248_1,55,56,55,55,55,55,55,56,56,56,55,57,55,56,56,57,57,56,56,56,59,61,62,62,54,55,52,,,
249_0,67,67,67,67,67,67,67,67,67,67,67,67,67,67,67,68,68,67,67,68,69,72,74,73,65,63,62,,,
249_1,53,53,53,53,53,53,53,53,53,53,53,53,53,53,53,54,54,53,53,54,55,59,62,62,54,54,52,,,
250_0,69,70,70,70,59,67,69,68,69,69,68,72,60,71,72,73,72,74,72,62,68,75,79,78,67,66,65,,,
250_1,53,54,54,54,46,53,54,53,53,53,53,55,46,55,55,56,56,56,55,47,54,59,61,60,54,55,54,,,
251_0,80,80,80,80,80,80,80,80,80,80,81,81,80,81,81,81,81,81,81,81,81,85,88,86,73,71,71,,,
251_1,59,60,59,60,60,60,60,59,60,60,59,60,60,60,61,61,61,61,60,60,61,64,66,65,57,56,57,,,
252_0,37,36,37,37,37,37,37,37,37,37,37,37,37,40,40,40,37,41,38,37,38,43,45,46,49,50,49,,,
252_1,31,31,32,32,32,32,32,32,32,32,32,32,32,32,33,32,33,33,33,32,34,38,41,41,44,44,43,,,
253_0,58,58,58,58,58,58,58,58,58,58,58,58,58,58,58,59,59,59,59,59,59,64,66,67,59,59,58,,,
253_1,44,44,44,44,44,44,44,44,44,44,44,44,44,44,44,45,44,44,44,45,45,50,52,53,48,49,47,,,
254_0,64,64,64,64,64,64,65,64,64,64,64,64,64,65,65,65,65,65,65,65,65,71,75,77,67,65,65,,,
254_1,49,49,49,50,50,50,50,50,50,50,50,50,50,50,50,50,50,50,50,50,50,55,57,58,52,52,52,,,
255_0,66,66,66,66,66,66,66,66,66,66,66,66,66,66,66,66,66,66,66,66,67,70,74,75,62,60,59,,,
255_1,69,68,68,69,68,69,69,69,69,69,68,69,69,69,69,69,69,69,69,69,70,74,76,79,61,59,58,,,
256_0,79,78,78,78,78,79,78,78,79,79,79,79,80,79,79,80,79,80,80,79,79,83,85,86,73,72,71,,,
256_1,57,57,57,57,58,57,57,57,57,57,58,57,58,57,57,58,58,58,59,58,57,64,65,65,55,56,55,,,
257_0,72,72,72,72,72,72,72,72,72,72,72,72,72,72,73,73,72,73,73,72,74,80,81,81,65,61,60,,,
257_1,66,66,66,66,66,66,66,66,66,66,66,66,66,66,68,67,66,67,66,66,69,75,75,75,59,57,56,,,
258_0,78,79,78,79,78,78,78,78,78,78,78,78,78,79,79,79,79,79,79,79,80,86,87,88,69,65,63,,,
258_1,50,51,50,50,50,50,50,50,50,50,50,51,50,51,51,51,51,51,51,51,52,57,58,59,51,50,48,,,
259_0,74,75,74,74,74,74,74,74,74,74,74,74,74,74,76,75,75,75,75,75,76,80,81,82,70,67,66,,,
259_1,68,69,68,68,68,68,68,68,68,68,68,68,67,68,70,68,69,68,67,69,69,73,74,76,63,63,60,,,
260_0,72,72,72,72,72,72,72,72,72,72,72,72,71,72,73,72,72,72,72,73,73,76,76,76,73,73,73,,,
260_1,55,54,55,55,54,54,55,54,54,55,54,54,55,55,56,55,55,55,55,55,55,60,60,60,58,58,58,,,
261_0,78,78,78,78,78,78,78,78,78,78,78,78,78,78,78,78,78,78,78,78,78,80,82,82,74,73,72,,,
261_1,57,57,57,57,57,57,57,57,57,57,57,57,57,57,57,57,57,57,57,57,57,59,62,62,56,57,56,,,
262_0,81,81,81,81,81,81,81,81,80,81,81,81,81,81,81,82,81,81,81,81,81,85,87,87,71,69,67,,,
262_1,56,56,56,56,56,57,57,57,56,56,57,56,56,57,57,57,57,57,56,57,57,60,62,62,55,55,54,,,
263_0,63,64,64,64,64,64,64,64,65,64,65,65,64,64,65,65,65,65,65,65,65,69,70,71,61,62,61,,,
263_1,55,55,55,55,56,56,56,56,56,56,56,56,56,56,56,56,56,57,56,56,56,60,62,63,55,56,54,,,
264_0,75,75,75,75,76,75,75,75,75,76,76,76,76,76,76,76,76,76,76,76,77,79,81,82,70,70,70,,,
264_1,56,56,55,55,57,56,56,56,56,56,57,57,57,57,57,56,57,56,56,57,58,61,63,65,54,55,55,,,
265_0,77,77,76,76,77,76,76,76,77,77,77,77,77,76,77,77,77,77,77,77,77,80,82,81,70,70,70,,,
265_1,62,61,62,62,63,62,62,62,62,63,63,61,62,62,62,63,62,62,63,62,62,65,68,68,59,61,60,,,
266_0,78,78,79,79,79,79,79,79,79,79,79,79,79,79,79,79,79,79,79,79,80,84,87,88,72,71,70,,,
266_1,54,54,54,55,55,54,55,55,55,55,55,55,55,55,55,55,55,55,55,55,56,59,61,61,54,55,54,,,
267_0,66,66,65,65,65,65,66,66,66,66,66,66,65,66,66,66,66,66,66,66,67,71,71,71,62,60,59,,,
267_1,52,52,51,51,51,52,52,52,52,52,52,52,51,52,52,52,52,52,52,52,54,58,58,58,52,51,50,,,
268_0,49,49,50,50,46,50,50,50,45,50,50,50,50,49,50,50,50,49,50,51,51,55,60,62,51,49,47,,,
268_1,39,39,40,40,38,40,40,40,35,41,40,40,41,39,40,40,40,40,41,41,41,46,50,52,43,42,41,,,
269_0,60,60,60,61,60,61,61,61,61,61,61,61,60,61,61,60,61,61,60,61,61,65,65,65,59,60,59,,,
269_1,47,47,47,47,47,47,47,47,47,47,47,47,47,48,47,47,48,48,47,48,47,52,53,53,49,50,48,,,
270_0,83,83,83,83,83,83,83,83,83,83,84,83,83,84,83,83,83,84,83,83,84,88,88,86,72,72,71,,,
270_1,56,55,56,56,56,56,56,56,56,56,56,56,56,56,56,56,56,56,56,56,57,60,61,61,56,57,55,,,
271_0,69,70,70,70,70,70,70,69,70,70,70,70,69,70,70,69,70,70,69,70,71,74,74,74,65,65,64,,,
271_1,49,50,50,50,50,50,50,50,50,50,50,50,50,50,50,50,50,50,49,50,51,55,55,55,51,52,51,,,
272_0,61,61,61,61,61,61,61,61,61,61,61,61,61,61,61,62,62,62,62,62,63,67,68,67,59,58,56,,,
272_1,50,50,50,51,51,51,51,51,51,51,51,51,51,51,51,51,51,51,51,51,53,57,58,58,51,51,49,,,
273_0,44,43,43,43,42,43,43,43,43,44,42,44,41,44,45,45,45,47,46,44,45,47,49,51,52,51,50,,,
273_1,37,35,37,36,34,34,35,36,36,35,36,36,34,38,37,38,38,40,38,36,37,39,42,45,45,44,43,,,
274_0,65,64,65,65,65,64,65,65,65,65,65,65,64,64,64,65,65,65,66,66,66,69,71,71,61,61,60,,,
274_1,50,50,50,50,50,50,50,50,50,50,50,50,50,51,51,51,51,51,50,51,52,55,56,56,53,53,52,,,
275_0,81,81,81,81,81,81,81,80,81,81,81,81,80,81,82,82,82,82,82,82,83,87,87,86,74,74,73,,,
275_1,51,52,52,51,51,51,51,52,51,52,53,53,52,53,52,52,52,52,52,52,53,57,58,57,54,54,53,,,
276_0,80,80,81,81,80,80,80,79,81,81,81,80,81,81,80,81,81,83,81,81,81,87,87,87,72,72,71,,,
276_1,50,50,50,50,50,50,50,49,50,50,50,50,50,50,50,50,50,53,51,50,50,55,55,55,52,53,52,,,
277_0,55,56,56,56,56,55,56,56,56,56,56,56,56,56,56,56,56,56,56,56,57,61,61,61,58,58,57,,,
277_1,43,43,43,44,43,43,43,43,43,43,44,43,44,44,44,44,44,44,43,44,44,49,50,50,48,48,47,,,
278_0,74,74,75,75,74,74,74,74,74,74,74,74,74,74,75,75,75,75,74,75,76,82,82,81,70,68,68,,,
278_1,71,71,71,71,71,71,71,71,71,71,71,71,71,71,71,71,72,72,71,72,73,78,77,78,63,62,61,,,
279_0,,,,,,,,,,,,,,,,,,,,,,,,,,,,,,
279_1,,,,,,,,,,,,,,,,,,,,,,,,,,,,,,
280_0,79,80,79,81,80,79,80,80,79,79,80,80,80,80,80,80,80,80,79,80,77,79,79,79,69,69,69,,,
280_1,52,52,52,53,52,52,52,53,52,52,53,53,52,52,53,52,52,53,53,53,51,55,55,56,53,54,54,,,
281_0,48,48,49,49,48,49,49,49,49,49,49,49,49,49,49,49,49,49,49,49,50,55,58,59,50,48,47,,,
281_1,41,41,42,41,42,42,42,42,42,42,42,42,42,42,42,42,42,42,42,42,43,48,51,52,43,42,40,,,
282_0,51,51,51,51,51,52,51,51,51,52,52,52,51,52,52,52,52,52,52,52,54,58,62,63,52,50,49,,,
282_1,43,44,44,44,44,44,44,44,45,45,45,45,45,45,45,45,46,45,45,45,47,51,55,57,47,44,44,,,
283_0,66,66,67,67,67,67,67,66,66,67,66,67,67,67,67,67,67,70,69,67,68,77,83,84,70,70,69,,,
283_1,56,56,57,57,57,57,57,56,57,57,57,57,57,57,57,57,57,60,58,57,59,67,72,72,59,59,58,,,
284_0,66,66,66,66,66,66,66,66,66,66,66,66,66,66,66,66,66,74,72,67,68,74,79,80,70,70,69,,,
284_1,50,50,51,51,51,51,50,50,51,51,51,51,51,51,51,51,51,56,54,51,52,58,62,62,57,58,57,,,
285_0,42,42,42,42,43,43,43,42,43,43,43,43,43,43,43,43,43,43,43,43,44,49,52,52,59,60,59,,,
285_1,32,32,33,32,34,34,34,34,34,34,34,34,35,35,35,35,35,35,35,35,36,40,43,43,48,48,47,,,
286_0,80,80,81,84,80,81,81,83,81,81,81,80,81,81,81,81,83,83,83,81,82,82,79,87,70,68,67,,,
286_1,57,56,57,61,57,57,57,61,57,58,57,57,58,58,58,57,62,61,61,58,59,59,62,65,55,56,54,,,
287_0,70,69,70,70,70,69,70,69,69,70,70,69,69,70,70,70,70,70,70,70,70,76,76,76,64,65,63,,,
287_1,49,49,49,49,50,50,50,50,49,50,50,50,49,50,50,50,50,50,50,50,51,55,55,56,52,53,51,,,
288_0,71,71,72,72,72,72,72,72,72,72,72,72,72,72,72,72,72,72,72,72,72,76,77,79,70,69,67,,,
288_1,68,67,67,67,66,67,67,67,67,67,67,68,68,68,68,67,68,67,68,69,70,74,76,79,61,61,58,,,
289_0,38,38,38,38,38,38,38,38,38,38,38,38,38,39,39,39,39,39,39,39,40,43,45,45,51,51,50,,,
289_1,31,31,31,32,32,32,32,32,32,32,32,32,32,32,32,32,32,32,32,32,34,37,39,39,44,44,42,,,
290_0,80,80,80,80,79,80,80,79,80,80,80,79,79,81,81,80,80,81,81,80,80,85,86,86,74,74,73,,,
290_1,54,54,54,54,54,54,54,55,55,54,54,55,55,55,55,55,55,55,55,54,55,59,61,60,56,56,55,,,
291_0,82,83,82,83,82,82,83,83,82,83,83,83,83,83,83,83,83,83,83,83,83,87,87,86,74,74,72,,,
291_1,52,52,52,53,52,53,53,53,52,53,53,53,53,52,52,52,52,52,52,53,51,56,56,56,52,53,51,,,
292_0,65,65,65,66,65,66,66,65,66,66,66,66,66,66,66,66,66,66,66,67,67,71,71,71,63,62,61,,,
292_1,55,55,55,55,55,55,55,55,55,55,55,55,55,55,55,55,55,56,55,56,57,62,62,62,54,54,52,,,
293_0,70,71,71,71,71,71,71,71,71,71,71,71,71,71,72,72,72,72,72,72,73,76,77,76,74,74,73,,,
293_1,52,52,52,52,52,52,52,52,52,52,52,52,51,53,52,53,53,53,53,52,54,57,59,58,58,58,56,,,
294_0,66,66,66,66,66,66,66,66,66,66,67,67,67,67,67,67,67,67,67,67,68,72,73,72,64,63,62,,,
294_1,53,54,53,53,53,53,54,54,54,54,54,54,54,54,54,54,54,54,54,54,56,59,60,60,54,53,52,,,
295_0,81,81,81,81,81,81,81,80,81,82,82,82,82,82,82,82,82,82,83,82,82,86,87,86,73,72,70,,,
295_1,56,57,56,56,58,57,56,57,56,58,58,57,58,57,57,58,57,58,57,57,57,63,65,64,55,55,53,,,
296_0,55,55,56,55,56,56,56,56,56,56,56,56,56,56,56,56,56,56,56,56,57,61,63,63,56,58,57,,,
296_1,44,44,44,44,44,44,44,44,44,44,45,45,45,45,45,45,44,45,45,45,46,50,52,53,46,49,48,,,
297_0,76,76,77,77,77,77,77,77,77,77,77,77,77,77,77,77,77,77,77,77,77,81,84,84,68,63,62,,,
297_1,52,52,52,53,53,53,52,53,53,52,53,53,53,53,53,53,52,53,53,53,53,58,60,60,51,50,48,,,
298_0,78,78,78,78,78,78,78,78,78,78,78,78,79,78,78,79,78,79,78,78,79,82,84,84,77,76,75,,,
298_1,61,61,61,61,61,61,61,61,61,61,61,61,61,62,62,62,62,62,62,62,63,67,69,69,62,62,61,,,
299_0,73,73,73,73,74,73,74,73,74,74,74,74,73,74,74,74,75,74,74,75,74,78,79,80,70,68,68,,,
299_1,60,60,61,61,60,60,61,61,61,61,62,61,61,61,60,61,62,62,61,62,62,65,67,68,57,56,56,,,
300_0,67,67,67,67,67,67,67,66,67,67,66,67,67,66,66,67,67,68,68,67,68,73,78,80,66,61,59,,,
300_1,51,51,51,51,51,51,51,51,51,51,51,51,52,51,51,51,51,51,52,51,52,56,59,59,51,50,48,,,
301_0,64,64,64,64,64,64,64,64,63,64,65,65,64,63,64,64,63,63,64,64,61,65,66,67,60,61,60,,,
301_1,58,59,59,59,58,60,60,59,59,60,61,61,59,59,59,60,59,58,58,60,56,62,64,65,55,55,54,,,
302_0,75,76,76,76,76,76,76,76,76,76,76,76,76,76,76,76,76,76,76,76,77,83,86,87,70,68,68,,,
302_1,55,55,55,55,56,56,56,56,56,56,56,56,56,56,56,56,56,56,56,56,58,64,68,68,56,56,55,,,
303_0,67,67,67,67,67,67,68,68,68,68,67,68,67,67,67,68,67,68,67,68,67,73,75,76,64,64,63,,,
303_1,50,50,50,50,50,50,50,50,50,51,50,50,50,50,50,50,50,50,50,50,51,55,56,58,52,53,52,,,
304_0,75,76,76,76,76,75,77,75,76,77,76,76,75,76,76,76,77,76,76,77,77,82,84,85,69,70,69,,,
304_1,48,47,47,47,47,48,49,48,47,47,47,47,47,47,49,47,48,47,47,47,48,53,54,55,49,52,50,,,
305_0,66,66,66,66,67,67,67,66,67,66,66,67,66,67,67,67,67,67,67,67,68,71,73,74,64,62,61,,,
305_1,52,52,52,52,52,52,52,52,52,52,53,52,52,53,53,53,53,52,53,53,54,58,59,60,52,51,50,,,
306_0,75,75,75,76,75,75,75,74,75,75,75,76,75,75,76,75,76,75,75,75,75,80,84,85,68,65,64,,,
306_1,50,49,50,50,49,50,50,50,50,51,50,50,50,50,50,50,51,50,51,50,50,55,56,57,52,52,51,,,
307_0,73,73,73,72,72,72,72,71,73,73,74,73,73,72,73,73,72,72,74,74,74,77,81,82,69,68,67,,,
307_1,56,55,56,56,56,55,55,56,56,55,56,56,56,55,56,56,56,56,56,57,56,60,61,62,56,57,56,,,
308_0,65,65,65,65,65,65,65,65,65,65,66,66,65,66,66,66,66,66,66,66,66,71,73,74,66,70,70,,,
308_1,48,48,48,48,48,48,48,48,48,48,48,49,48,49,49,49,49,48,49,48,49,53,55,55,51,55,55,,,
309_0,59,60,59,59,59,59,59,59,60,60,60,60,60,60,60,60,60,60,60,60,62,66,69,71,61,62,61,,,
309_1,46,48,46,47,47,46,47,47,48,48,48,48,47,48,47,47,48,49,48,47,50,54,55,56,51,51,51,,,
310_0,79,79,79,79,79,79,79,79,79,79,79,79,79,80,79,79,79,79,79,79,80,82,84,86,74,72,71,,,
310_1,64,64,65,65,65,65,65,65,65,65,65,65,65,65,65,65,65,65,65,65,66,68,71,73,62,61,60,,,
311_0,68,68,68,68,68,68,68,68,68,68,68,68,68,68,69,69,69,69,69,69,70,74,80,82,67,65,65,,,
311_1,64,64,64,65,65,64,64,64,64,65,64,65,65,65,65,65,65,65,65,65,67,72,78,79,62,61,62,,,
312_0,78,78,78,78,78,78,78,78,78,78,78,78,78,79,79,79,79,79,79,79,79,84,87,87,72,71,71,,,
312_1,55,55,55,55,55,55,55,55,55,55,55,56,55,56,56,56,56,56,56,56,56,61,63,63,56,56,56,,,
313_0,70,73,72,71,72,71,73,71,72,71,71,73,71,74,72,75,75,72,72,74,74,78,81,82,68,68,68,,,
313_1,44,43,44,44,44,44,45,44,44,45,45,45,44,46,44,45,44,44,45,45,45,49,52,53,47,49,49,,,
314_0,59,59,59,59,49,57,58,57,58,59,58,60,50,60,61,61,61,60,60,51,59,63,65,77,63,62,63,,,
314_1,47,49,48,48,42,47,48,47,47,48,47,49,42,50,51,51,49,51,49,43,52,53,56,63,54,54,55,,,
315_0,68,68,68,67,66,68,67,64,67,67,66,66,68,67,68,68,68,69,69,69,69,71,74,88,68,67,67,,,
315_1,42,42,43,42,41,42,41,41,42,42,41,41,42,42,42,43,43,42,42,42,43,46,49,55,50,49,51,,,
316_0,61,62,62,61,61,61,61,60,61,61,61,61,61,61,61,62,62,62,62,62,62,64,66,79,67,66,66,,,
316_1,48,48,48,48,48,48,48,47,48,48,48,48,48,48,48,48,48,48,49,49,48,51,54,62,57,57,57,,,
317_0,85,85,87,85,85,84,86,84,86,84,86,85,83,86,86,85,85,86,87,87,87,87,88,64,67,79,80,,,
317_1,50,49,53,50,50,49,53,49,52,50,47,49,49,52,52,50,50,52,52,52,54,54,54,44,50,55,55,,,
318_0,69,69,69,69,69,70,69,69,69,69,69,69,69,69,68,69,69,68,69,69,69,75,79,80,65,64,66,,,
318_1,55,54,55,55,55,55,55,55,55,55,55,55,55,55,55,55,55,54,55,55,55,61,63,64,54,57,58,,,
319_0,74,74,74,74,74,74,74,74,74,74,74,74,74,74,73,73,74,74,74,74,74,77,79,79,67,66,69,,,
319_1,58,58,58,58,59,59,58,58,58,58,58,58,58,58,58,58,58,58,58,58,59,62,65,65,55,56,60,,,
320_0,77,77,77,77,77,77,77,77,77,77,78,78,78,78,78,78,78,77,77,78,78,83,86,87,73,70,72,,,
320_1,63,63,63,63,63,63,63,63,63,63,64,63,63,63,63,63,63,63,63,63,63,69,73,74,61,60,63,,,
321_0,50,41,41,41,41,41,41,41,41,71,78,78,78,78,78,78,78,78,78,78,79,82,85,85,72,71,74,,,
321_1,35,31,31,31,31,31,31,31,31,50,53,53,53,53,53,53,53,53,53,53,53,58,61,62,53,53,58,,,
322_0,76,76,76,76,76,76,76,76,76,76,76,77,76,76,77,77,77,77,77,77,77,82,84,85,68,70,74,,,
322_1,49,49,49,49,49,50,50,50,50,50,50,50,50,50,51,51,51,51,51,50,50,55,57,58,53,58,63,,,
323_0,65,65,65,65,65,65,65,65,65,65,65,66,66,66,66,66,66,66,66,66,67,70,70,70,61,62,65,,,
323_1,52,52,52,52,53,52,53,52,53,53,53,53,53,53,53,53,53,53,54,54,54,58,59,59,53,56,59,,,
324_0,76,76,76,76,76,76,77,76,77,77,77,77,77,77,77,77,77,77,77,77,78,81,81,80,70,71,74,,,
324_1,50,50,51,51,51,51,51,51,51,51,51,51,51,51,51,52,51,51,52,51,53,56,56,56,52,56,59,,,
325_0,81,81,81,81,81,81,81,81,81,81,82,82,82,82,82,82,82,82,82,82,83,87,88,87,73,72,75,,,
325_1,72,72,72,72,72,72,72,72,72,72,73,72,73,73,73,73,73,73,73,73,74,78,79,78,64,65,70,,,
326_0,58,59,59,58,58,58,58,58,58,59,60,59,58,59,60,59,59,59,60,60,59,64,66,66,60,63,69,,,
326_1,44,46,45,45,44,45,45,44,45,45,46,44,45,46,46,45,45,46,47,45,45,51,51,52,49,55,59,,,
327_0,65,68,69,68,60,68,68,68,60,69,69,69,68,68,69,69,69,66,70,70,69,68,72,74,65,68,70,,,
327_1,49,49,50,49,46,50,50,49,45,50,50,50,49,50,50,51,51,49,51,51,50,52,56,57,53,59,60,,,
328_0,75,75,76,74,76,76,75,74,76,76,77,76,75,76,76,76,76,76,77,78,76,79,79,80,77,82,87,,,
328_1,55,55,56,55,56,56,55,55,56,56,56,56,55,56,56,56,56,55,57,57,56,59,59,61,60,65,68,,,
329_0,84,84,84,83,84,85,84,84,84,84,85,84,83,85,85,84,84,84,86,86,85,87,87,88,73,75,79,,,
329_1,56,56,57,55,56,57,56,56,56,56,57,56,55,57,56,56,56,56,57,57,56,60,61,62,56,62,65,,,
330_0,56,55,56,55,55,55,56,55,55,56,55,56,55,55,56,57,56,56,57,56,56,60,63,66,58,63,65,,,
330_1,52,51,52,52,51,51,53,52,52,52,52,52,52,52,52,53,53,52,54,53,53,59,64,68,56,62,66,,,
331_0,73,74,74,74,74,74,74,74,74,75,75,75,75,74,75,75,75,75,75,75,76,81,84,82,68,66,62,,,
331_1,53,54,54,54,54,54,54,54,54,55,55,55,55,54,55,54,54,55,55,54,56,59,61,59,53,53,50,,,
332_0,63,62,63,63,61,63,62,65,62,63,63,63,63,62,63,65,64,65,65,65,64,70,75,79,70,73,74,,,
332_1,46,46,46,45,45,45,46,46,46,46,46,46,46,45,46,48,47,47,48,46,47,51,54,57,52,56,57,,,
333_0,85,85,85,84,84,84,85,85,85,84,85,86,83,83,85,85,84,84,85,85,86,87,89,89,84,88,88,,,
333_1,55,55,55,55,55,55,55,55,55,55,55,55,55,55,56,56,56,55,55,55,55,57,60,61,61,66,66,,,
334_0,59,59,59,58,59,58,58,58,58,59,59,59,58,58,59,60,59,59,60,59,60,62,64,67,61,65,66,,,
334_1,45,45,47,44,45,45,45,46,44,45,45,46,45,45,46,46,45,46,46,46,46,49,52,55,50,56,58,,,
335_0,64,65,46,44,49,50,46,43,44,57,47,49,50,43,42,44,44,45,45,77,82,76,79,82,69,74,79,,,
335_1,53,53,39,38,41,46,41,38,38,50,41,43,42,39,38,40,39,42,42,57,59,57,60,62,56,62,66,,,
336_0,62,61,61,61,73,73,62,60,61,62,61,70,74,61,61,61,61,61,70,73,72,65,67,69,68,71,75,,,
336_1,52,51,51,52,60,60,53,51,52,52,52,60,61,52,52,52,52,52,60,62,60,57,59,62,59,63,67,,,
337_0,84,85,85,86,87,91,86,82,85,86,85,84,87,83,84,83,84,84,84,86,87,86,88,89,79,82,87,,,
337_1,77,78,78,77,78,82,78,75,78,78,76,77,79,76,78,77,77,76,75,79,78,78,84,84,72,77,81,,,
338_0,68,67,67,68,86,85,69,67,68,68,67,77,85,68,67,67,67,67,77,84,84,70,73,74,68,71,75,,,
338_1,67,65,66,66,78,78,68,66,66,66,66,75,79,67,66,67,67,67,75,79,78,70,75,76,63,67,72,,,
339_0,82,82,81,81,81,81,81,80,81,82,82,83,81,82,82,83,83,83,83,82,82,84,81,81,74,72,76,,,
339_1,69,69,69,69,68,68,69,68,69,70,69,70,68,69,70,70,70,70,70,69,69,71,70,71,64,65,69,,,
340_0,78,77,77,76,76,77,77,76,77,78,77,78,77,78,78,78,79,79,79,78,78,80,80,81,81,80,81,,,
340_1,60,59,59,59,59,59,60,59,59,60,60,60,59,61,60,61,60,61,61,60,61,63,68,69,66,66,71,,,
341_0,83,83,83,83,82,83,82,82,82,83,82,83,82,83,83,83,82,83,82,82,82,83,80,81,77,75,77,,,
341_1,66,65,65,66,65,65,66,65,65,66,66,66,65,66,66,66,66,67,67,65,66,66,69,70,64,63,65,,,
342_0,78,78,78,78,78,78,78,78,78,78,79,79,79,79,78,79,79,79,79,79,79,81,82,81,70,69,67,,,
342_1,57,58,58,59,59,58,59,58,58,58,58,59,59,58,58,58,59,58,58,59,59,61,62,61,56,56,53,,,
343_0,87,87,87,86,86,86,86,86,87,86,87,87,86,87,87,87,86,87,87,86,86,87,85,86,81,79,81,,,
343_1,70,70,69,69,69,69,70,69,69,70,70,70,69,69,70,70,70,70,70,70,69,70,73,72,67,68,70,,,
344_0,80,80,81,80,80,80,82,79,80,81,81,81,79,82,81,80,82,81,81,82,81,85,87,86,73,73,70,,,
344_1,61,62,62,62,62,61,62,61,61,62,62,62,61,61,62,61,63,61,62,62,61,65,66,67,59,59,57,,,
345_0,77,77,77,77,77,77,77,77,77,78,78,78,78,77,77,78,78,78,78,78,78,80,81,80,76,76,75,,,
345_1,56,56,56,56,56,57,57,56,56,57,57,57,57,57,57,57,57,57,57,57,57,61,62,62,59,60,58,,,
346_0,62,62,62,62,62,62,62,61,62,62,62,62,62,62,62,62,63,62,62,62,64,68,68,67,66,67,66,,,
346_1,51,51,51,52,50,52,52,52,52,52,52,52,51,52,52,52,52,52,52,52,54,58,58,58,57,58,56,,,
347_0,68,69,69,68,69,68,69,68,68,69,69,70,68,69,70,69,71,71,71,70,70,72,72,72,61,61,60,,,
347_1,55,56,56,56,56,56,56,56,56,56,56,57,56,57,57,57,58,58,58,57,57,60,60,60,53,54,53,,,
348_0,84,85,85,85,83,83,84,84,84,85,85,85,84,84,85,85,86,85,85,85,85,87,87,87,71,71,69,,,
348_1,56,56,56,56,55,55,56,56,56,56,56,56,56,56,56,56,57,56,56,56,56,59,59,60,55,55,53,,,
349_0,61,61,62,62,61,61,61,62,62,62,62,62,61,61,62,62,62,62,62,62,63,65,66,67,62,63,62,,,
349_1,51,51,51,51,50,50,51,51,51,51,51,51,51,51,51,51,51,51,51,51,52,54,56,57,54,55,53,,,
350_0,76,76,76,76,75,75,76,75,76,76,76,75,75,76,76,76,76,76,76,76,76,78,80,79,72,73,71,,,
350_1,58,58,58,58,58,57,58,57,57,58,58,57,57,58,58,58,58,58,58,58,58,60,63,62,57,58,56,,,
351_0,63,63,63,64,71,72,64,64,64,64,63,67,70,65,62,62,62,62,66,73,73,67,66,66,59,59,57,,,
351_1,48,49,48,49,54,54,49,49,49,49,49,53,54,49,48,48,48,48,52,55,55,51,52,52,50,50,48,,,
352_0,84,86,85,84,77,85,84,83,85,86,84,85,77,85,86,84,84,85,84,77,86,86,86,86,74,74,72,,,
352_1,51,51,51,51,48,51,51,51,51,51,51,52,48,52,51,52,52,51,51,49,53,54,54,54,54,54,52,,,
353_0,61,61,61,61,69,69,62,61,61,61,60,65,67,62,59,59,60,59,64,70,71,63,63,63,59,59,59,,,
353_1,50,50,50,50,55,55,50,50,50,50,50,54,55,50,49,49,50,49,54,56,56,52,53,54,52,52,51,,,
354_0,38,38,38,38,42,42,39,39,39,39,39,41,42,39,38,39,39,39,41,42,43,42,44,44,53,53,52,,,
354_1,32,32,32,32,34,34,32,32,32,32,32,33,34,32,32,32,32,32,33,34,34,35,37,38,44,44,43,,,
355_0,59,60,60,61,54,59,59,60,54,60,61,61,61,60,61,61,61,59,61,61,60,60,64,65,59,59,57,,,
355_1,52,53,53,53,49,52,52,52,48,53,53,53,53,53,54,53,54,52,53,53,53,55,57,58,54,54,52,,,
356_0,74,74,74,75,74,74,74,75,75,75,75,75,75,75,75,75,75,75,75,74,76,77,78,77,66,66,64,,,
356_1,62,61,62,61,62,61,61,61,62,62,62,62,62,62,61,62,61,61,63,61,62,64,67,66,55,56,53,,,
357_0,73,74,74,73,73,74,73,73,73,74,73,73,73,74,74,74,74,74,74,73,73,76,76,76,67,67,66,,,
357_1,61,62,62,62,62,62,62,62,62,62,62,62,62,63,63,62,62,62,62,62,62,65,65,66,59,60,59,,,
358_0,75,75,76,75,75,75,75,75,75,75,76,76,76,76,76,76,77,77,77,77,77,78,78,76,68,68,67,,,
358_1,56,56,55,56,56,56,56,56,56,56,56,56,56,56,56,57,57,57,57,57,57,58,59,58,55,55,54,,,
359_0,82,83,82,83,83,83,83,82,83,83,83,83,83,83,83,83,84,84,83,83,84,86,88,87,73,73,72,,,
359_1,53,54,54,54,55,54,54,54,55,55,55,54,54,54,55,55,55,56,55,55,56,58,60,60,52,53,51,,,
360_0,69,69,69,69,69,69,69,69,69,68,69,68,69,69,69,69,69,69,69,69,70,74,74,73,63,63,62,,,
360_1,53,53,53,53,53,53,53,53,53,53,53,52,53,53,53,53,53,53,53,53,54,59,59,58,53,53,52,,,
361_0,73,74,74,71,73,72,72,72,73,43,37,38,37,37,37,41,40,45,45,63,70,76,77,77,63,63,62,,,
361_1,54,54,55,51,52,52,52,52,54,33,31,31,31,31,31,33,33,37,36,50,53,56,56,56,50,51,50,,,
362_0,79,79,80,79,80,79,80,79,79,79,79,80,79,80,80,80,80,80,80,80,81,84,84,84,72,71,70,,,
362_1,64,63,66,64,64,64,63,63,64,65,63,65,64,64,66,64,65,66,64,64,65,71,71,70,59,59,57,,,
363_0,62,63,63,63,63,63,63,62,62,63,62,63,62,63,63,63,64,63,63,63,63,67,68,68,62,62,62,,,
363_1,43,44,43,44,45,44,44,43,43,45,43,43,43,44,43,44,43,43,45,45,44,49,49,49,47,47,46,,,
364_0,75,73,72,72,75,75,73,73,75,75,73,73,72,76,74,73,72,77,76,73,74,80,82,82,70,70,70,,,
364_1,54,52,52,52,54,54,52,52,54,54,52,52,52,54,53,52,52,56,55,52,54,59,59,59,54,55,55,,,
365_0,77,78,79,78,71,77,78,78,70,78,78,79,79,77,78,78,78,74,78,79,79,77,86,86,70,70,69,,,
365_1,54,54,54,54,51,54,54,54,50,54,54,54,54,53,53,54,54,54,55,54,54,56,61,61,54,55,54,,,
366_0,73,71,70,70,73,73,71,70,73,73,70,70,70,73,71,70,70,77,76,71,71,76,77,76,68,68,68,,,
366_1,54,52,52,52,54,54,52,52,54,54,52,52,52,54,53,53,53,60,58,53,53,58,59,59,54,55,55,,,
367_0,73,71,71,70,73,71,70,70,73,72,70,70,69,72,71,70,71,72,72,71,70,75,76,76,67,67,66,,,
367_1,56,54,54,53,56,54,54,54,56,55,54,54,53,55,55,54,54,55,55,54,54,59,60,60,53,55,54,,,
368_0,50,48,48,47,51,48,47,48,52,51,49,50,47,50,49,49,49,51,49,49,52,54,54,56,52,54,54,,,
368_1,40,38,39,39,41,39,38,37,40,40,39,38,38,40,38,38,38,41,40,39,39,45,45,47,45,46,47,,,
369_0,83,84,85,83,84,84,84,84,84,84,84,84,85,85,85,85,86,86,86,86,86,87,87,86,75,75,74,,,
369_1,60,59,59,60,60,60,60,60,60,60,61,60,61,61,61,61,61,62,61,61,61,62,64,63,59,60,58,,,
370_0,73,68,68,68,73,72,68,68,74,73,69,68,68,73,70,69,68,74,70,69,69,76,75,75,65,64,64,,,
370_1,55,51,51,51,56,54,51,51,56,55,52,52,52,55,52,52,52,56,53,52,52,60,58,59,51,52,52,,,
371_0,68,63,63,63,68,66,63,63,68,68,64,63,63,67,64,64,63,68,65,64,64,71,71,71,62,60,61,,,
371_1,52,49,49,49,53,51,49,49,53,52,49,49,49,52,50,49,49,53,50,50,50,56,57,57,50,50,50,,,
372_0,78,79,79,79,76,79,79,79,72,79,79,79,79,79,79,80,80,79,80,80,80,82,85,86,73,72,72,,,
372_1,54,54,54,54,53,54,54,54,51,55,54,54,54,55,54,55,55,55,55,55,55,59,62,62,55,55,56,,,
373_0,68,69,69,69,70,69,69,68,69,69,68,70,68,69,69,69,70,69,69,69,71,75,77,77,65,66,67,,,
373_1,52,53,53,54,54,53,53,53,53,53,53,54,53,53,54,54,54,54,53,53,54,58,59,59,53,56,58,,,
374_0,72,72,72,72,73,73,73,73,72,72,73,73,73,72,73,73,73,73,73,73,74,78,81,81,63,64,65,,,
374_1,48,48,48,48,48,48,48,48,48,48,48,48,48,48,48,48,48,48,48,48,50,53,54,54,50,53,54,,,
375_0,75,75,75,75,75,76,75,75,75,75,76,76,75,75,75,76,76,76,76,76,76,79,81,80,69,69,69,,,
375_1,64,64,64,64,64,65,64,64,65,64,65,65,64,64,65,65,65,65,65,65,65,69,72,72,59,59,60,,,
376_0,80,80,80,80,80,81,80,80,81,81,80,81,81,80,80,80,80,81,81,81,81,84,87,86,75,75,76,,,
376_1,53,52,53,53,53,53,52,52,53,53,52,53,53,52,52,52,52,53,53,53,53,56,59,58,52,54,54,,,
377_0,44,42,44,41,42,38,38,38,38,60,64,64,64,64,65,65,65,65,65,65,65,68,69,68,62,64,67,,,
377_1,37,36,37,36,36,32,32,32,32,51,53,53,53,53,54,54,54,54,54,54,55,58,59,59,52,55,58,,,
378_0,65,65,65,65,65,65,65,64,65,65,66,66,65,66,66,66,66,66,66,66,66,69,70,70,62,64,66,,,
378_1,50,51,51,51,51,50,51,50,51,51,51,51,51,51,51,51,51,51,51,51,51,54,56,56,50,54,56,,,
379_0,84,81,80,80,80,80,80,80,81,81,80,80,81,81,81,81,81,81,81,84,82,85,86,88,70,70,72,,,
379_1,57,57,57,57,57,57,57,57,57,57,57,56,57,57,57,57,57,57,57,59,58,61,62,63,56,59,60,,,
380_0,73,74,74,74,64,71,74,73,75,75,74,76,65,77,78,79,79,80,78,67,73,79,79,79,69,69,68,,,
380_1,59,60,59,60,53,59,61,59,61,61,60,61,53,62,62,62,62,63,62,54,61,64,64,64,58,59,57,,,
381_0,76,76,76,76,76,76,76,75,76,76,76,76,75,76,76,76,76,76,77,76,77,79,80,78,71,74,75,,,
381_1,57,57,57,58,58,57,57,57,58,58,57,58,58,57,58,58,58,58,59,58,59,62,64,62,57,61,61,,,
382_0,67,66,67,67,66,65,67,65,67,66,67,67,67,66,67,67,67,67,67,68,68,72,74,75,61,62,67,,,
382_1,54,54,52,52,54,51,55,52,54,53,54,53,53,53,53,55,53,55,53,54,54,58,61,61,53,58,60,,,
383_0,76,76,76,77,77,77,77,76,77,77,77,77,77,77,77,77,77,77,77,77,78,81,83,83,73,72,76,,,
383_1,58,59,58,59,59,59,59,59,59,59,59,59,59,59,59,59,59,59,59,59,60,64,66,66,56,59,62,,,
384_0,41,41,41,40,42,42,42,42,42,42,42,42,42,42,42,43,43,42,43,42,43,47,50,51,54,57,61,,,
384_1,33,33,32,33,33,33,33,33,33,34,34,34,34,34,34,34,34,34,34,34,34,39,42,43,45,49,53,,,
385_0,49,50,49,49,51,48,49,47,49,49,50,49,47,47,47,51,51,48,50,47,46,55,55,57,55,56,59,,,
385_1,36,37,37,37,37,36,38,35,37,37,37,36,36,35,36,39,38,37,38,35,35,44,44,43,44,48,50,,,
386_0,68,68,68,67,68,68,69,68,67,68,68,68,68,68,68,68,68,68,68,68,66,70,73,74,63,62,68,,,
386_1,55,55,55,55,55,55,55,55,55,55,56,56,55,55,55,55,55,55,55,55,53,58,61,62,53,56,62,,,
387_0,67,67,68,67,68,68,68,68,68,68,68,68,68,68,68,68,68,68,69,69,69,72,75,76,63,60,65,,,
387_1,51,51,52,51,52,51,52,52,52,52,52,52,52,52,52,52,52,52,52,52,53,57,60,60,51,53,58,,,
388_0,,,,,,,,,,,,,,,,,,,,,,,,,,,,,,
388_1,,,,,,,,,,,,,,,,,,,,,,,,,,,,,,
389_0,79,78,79,78,78,78,78,78,78,78,78,80,78,78,78,78,79,78,78,79,80,83,85,86,72,67,75,,,
389_1,56,54,56,54,55,55,55,55,54,55,55,56,55,55,54,55,56,55,55,56,56,61,62,62,53,56,61,,,
390_0,68,68,68,68,68,68,68,67,68,69,70,69,68,69,69,69,68,69,69,69,70,72,72,71,69,75,79,,,
390_1,53,53,54,54,54,54,54,52,54,55,54,55,54,55,54,54,54,53,55,55,55,60,60,60,57,65,68,,,
391_0,64,64,65,64,65,64,64,65,64,64,64,65,64,65,65,65,65,65,65,65,65,66,68,66,59,59,58,,,
391_1,50,49,50,50,50,50,50,50,50,50,50,50,50,50,51,51,50,51,50,51,50,52,54,53,49,50,48,,,
392_0,80,81,81,81,81,82,82,81,81,81,82,82,82,82,81,81,81,81,82,83,83,87,86,86,78,81,87,,,
392_1,50,50,51,51,51,51,51,51,51,51,52,51,52,52,51,51,51,51,52,52,52,56,56,57,56,61,65,,,
393_0,82,83,82,83,67,77,79,78,80,80,81,82,69,82,82,84,84,84,84,71,80,87,85,86,74,74,79,,,
393_1,56,56,56,56,48,55,56,56,57,56,56,57,49,58,59,59,57,58,59,51,58,62,62,61,57,61,65,,,
394_0,67,67,68,67,59,40,39,38,38,66,73,74,74,74,73,73,74,73,74,75,75,77,75,74,65,67,71,,,
394_1,53,53,53,52,46,34,34,34,34,53,56,56,57,57,56,56,57,56,57,57,58,61,60,61,54,59,63,,,
395_0,70,71,71,70,69,69,70,69,70,72,71,69,69,71,71,70,71,71,71,70,71,73,75,76,66,69,74,,,
395_1,57,58,59,58,57,57,58,56,57,59,58,56,57,59,58,58,60,59,59,58,59,62,68,71,59,65,69,,,
396_0,85,85,85,85,86,86,86,84,86,86,86,86,85,86,86,86,86,86,85,85,85,87,88,87,77,79,83,,,
396_1,55,55,56,56,56,56,56,56,56,56,56,56,56,56,56,56,57,56,55,55,56,59,61,61,57,61,64,,,
397_0,74,73,73,73,73,73,74,73,73,73,73,74,73,73,73,74,74,74,73,73,74,75,75,75,72,75,80,,,
397_1,55,55,55,55,55,54,55,55,54,55,55,55,54,55,55,55,55,55,55,55,55,57,60,61,56,60,64,,,
398_0,70,70,70,70,71,71,70,71,71,71,70,71,70,71,71,71,71,70,70,70,70,72,74,74,64,66,71,,,
398_1,50,50,50,50,50,51,51,51,52,50,50,51,50,52,51,52,51,51,50,50,51,54,56,56,54,59,62,,,
399_0,72,72,73,72,72,73,72,72,72,73,73,73,73,73,73,73,72,72,73,73,74,75,75,75,69,70,73,,,
399_1,60,60,61,61,60,61,61,60,60,61,61,62,61,62,61,61,61,61,62,62,63,65,66,67,60,63,65,,,
400_0,72,72,73,73,72,73,72,72,72,73,73,73,73,73,73,73,72,72,73,73,73,74,74,73,69,70,73,,,
400_1,50,50,51,51,51,51,50,50,51,51,51,52,51,51,51,51,51,51,52,52,52,55,56,57,56,58,61,,,
401_0,81,82,80,82,67,75,80,79,81,81,80,84,69,83,85,85,84,85,84,70,76,83,85,85,76,74,79,,,
401_1,63,65,63,66,55,61,64,62,65,64,64,67,55,67,68,68,67,67,67,56,64,68,72,74,65,66,71,,,
402_0,71,70,71,71,71,71,71,71,71,71,71,71,71,71,71,71,71,72,71,71,71,71,72,70,72,72,71,,,
402_1,57,56,56,56,57,57,56,56,57,56,57,57,56,57,57,57,56,57,56,57,57,57,60,58,60,60,58,,,
403_0,84,84,83,84,83,83,84,83,83,83,84,84,83,84,84,84,84,84,84,84,85,84,83,83,75,76,78,,,
403_1,74,75,75,75,73,73,75,74,74,75,75,75,75,76,75,75,75,76,75,76,76,79,79,82,70,74,75,,,
404_0,67,68,69,67,68,68,68,69,68,68,69,69,69,68,70,69,68,69,69,69,69,69,71,70,64,64,63,,,
404_1,55,54,55,54,55,54,55,55,55,54,55,55,55,54,56,55,55,55,55,55,55,56,59,58,56,56,55,,,
405_0,84,85,84,84,84,85,84,85,84,84,84,85,84,84,86,85,85,85,85,83,85,85,86,85,71,72,70,,,
405_1,58,58,58,57,57,59,57,58,58,57,57,58,58,58,58,58,59,59,59,57,59,60,61,60,55,56,54,,,
406_0,67,66,66,68,64,65,65,65,66,67,66,65,66,65,67,65,65,65,66,65,65,68,69,70,64,63,62,,,
406_1,54,54,54,56,54,53,54,53,53,56,54,53,54,53,54,54,53,54,54,53,53,57,60,58,57,56,54,,,
407_0,72,72,72,72,72,72,72,72,72,72,71,71,71,72,72,72,71,71,71,72,72,74,75,74,74,74,72,,,
407_1,50,51,50,50,50,51,50,50,50,50,50,50,50,50,50,51,49,50,50,50,51,53,53,53,56,56,53,,,
408_0,60,60,60,60,60,60,61,59,61,60,61,61,59,60,60,61,60,60,60,60,61,61,61,61,62,62,60,,,
408_1,45,45,45,45,45,45,46,45,46,45,46,46,45,45,45,46,45,45,45,45,46,47,48,48,50,50,47,,,
409_0,87,85,87,87,87,85,88,83,86,88,86,85,83,85,86,86,87,87,86,89,86,86,87,86,74,74,73,,,
409_1,54,53,54,55,54,52,56,52,53,55,53,53,51,52,53,53,55,53,53,56,53,54,55,55,56,56,55,,,
410_0,68,67,67,67,67,68,68,67,68,67,69,69,66,67,67,66,66,66,68,68,63,64,63,62,62,62,61,,,
410_1,50,50,50,50,50,51,50,50,50,50,51,51,49,50,50,50,49,49,50,50,48,50,50,50,51,51,49,,,
411_0,65,64,65,64,65,64,64,64,65,65,65,65,65,65,64,65,65,65,65,64,66,69,74,74,60,60,58,,,
411_1,47,47,47,46,46,47,47,47,47,47,47,48,47,49,46,47,47,47,47,46,48,51,53,54,50,50,49,,,
412_0,63,63,63,63,63,62,62,62,63,63,64,64,63,63,63,62,64,64,64,64,63,67,71,71,64,65,63,,,
412_1,42,42,42,42,42,42,42,42,43,43,43,43,43,43,42,42,43,43,43,42,42,47,49,49,48,48,47,,,
413_0,51,51,51,51,54,52,51,51,52,52,52,52,52,53,52,55,52,52,53,53,53,55,58,58,56,57,56,,,
413_1,41,41,41,41,44,41,41,41,42,41,41,42,44,44,43,46,44,44,43,43,42,44,48,48,47,47,46,,,
414_0,80,81,81,81,81,81,81,81,81,81,81,81,81,82,81,81,80,81,80,81,81,84,87,87,71,70,69,,,
414_1,53,53,53,53,53,53,53,53,53,53,53,53,54,54,53,53,53,53,53,53,53,57,59,60,52,53,51,,,
415_0,80,80,82,80,80,81,81,81,80,81,81,82,81,81,81,81,81,81,81,81,80,84,86,87,71,70,68,,,
415_1,59,59,60,60,59,61,61,60,60,60,60,60,60,60,60,60,60,61,61,61,57,61,63,65,56,57,54,,,
416_0,69,68,69,68,70,69,69,68,70,69,69,70,69,70,70,70,69,68,70,70,70,73,76,77,66,65,64,,,
416_1,48,48,48,48,48,48,48,48,48,48,48,49,48,49,48,48,49,48,48,48,49,53,54,55,52,53,51,,,
417_0,62,62,62,62,62,62,62,62,62,63,62,62,62,62,62,63,63,63,63,63,64,67,69,70,63,61,60,,,
417_1,46,46,46,46,46,46,46,46,46,46,46,47,46,46,47,47,46,46,47,47,47,50,52,53,50,50,48,,,
418_0,52,52,52,52,51,52,51,51,52,51,51,51,51,51,52,52,51,51,51,51,51,53,54,54,61,61,60,,,
418_1,42,42,43,42,42,42,42,42,43,42,42,42,42,42,43,43,42,43,42,42,42,44,45,46,51,51,49,,,
419_0,65,64,64,65,65,65,65,65,65,65,65,65,65,65,65,65,65,65,65,65,66,69,73,73,66,66,65,,,
419_1,48,48,48,48,48,48,48,48,48,48,48,48,48,48,48,48,48,48,48,49,49,52,54,54,50,51,49,,,
420_0,60,60,60,59,60,60,60,59,60,60,60,60,60,60,60,60,60,60,60,60,61,63,64,64,61,61,59,,,
420_1,47,47,48,47,47,48,47,47,47,47,47,47,48,48,47,48,47,47,47,47,49,51,52,53,51,52,50,,,
421_0,68,70,70,69,68,69,69,66,69,69,69,69,68,69,69,70,69,69,69,69,70,72,73,71,65,64,63,,,
421_1,54,55,55,55,55,54,54,53,55,54,55,55,54,55,55,56,55,55,55,55,55,58,61,59,54,53,53,,,
422_0,73,76,76,75,65,74,75,75,66,74,75,76,74,73,75,76,76,71,75,76,76,73,79,80,69,69,68,,,
422_1,50,51,52,51,47,51,51,51,45,50,51,51,51,50,50,51,51,50,51,51,51,51,55,55,53,53,51,,,
423_0,86,86,86,85,85,84,85,84,85,86,86,85,85,86,86,86,85,86,86,86,86,87,87,86,74,74,73,,,
423_1,50,51,50,50,51,50,50,50,50,51,51,50,50,51,51,51,51,51,51,50,51,53,54,54,51,51,49,,,
424_0,62,62,62,63,62,62,62,62,63,63,62,63,63,62,64,63,63,63,63,64,63,67,72,72,61,61,60,,,
424_1,48,48,49,49,48,49,49,49,50,50,48,49,50,48,49,50,50,49,49,50,50,53,56,56,50,51,49,,,
425_0,59,59,59,59,59,59,58,57,59,59,59,59,58,59,59,60,59,59,60,59,60,63,64,65,66,68,68,,,
425_1,45,45,45,47,45,45,46,45,46,45,45,46,46,45,46,45,48,46,46,46,47,52,51,54,55,56,55,,,
426_0,44,48,44,44,41,40,42,39,42,44,41,42,41,41,42,44,45,48,48,41,43,48,48,50,53,54,54,,,
426_1,36,38,36,36,36,36,36,35,33,32,34,32,33,33,33,37,38,39,40,37,33,38,39,42,45,45,45,,,
427_0,78,79,79,78,78,78,78,78,78,78,78,78,78,78,79,79,79,79,79,79,79,83,86,87,70,68,67,,,
427_1,52,51,52,51,51,51,51,51,52,51,51,51,52,52,52,52,52,52,52,52,52,56,59,59,52,52,52,,,
428_0,66,66,66,66,66,66,66,65,66,67,66,66,66,66,67,67,67,67,66,67,67,70,74,74,64,62,62,,,
428_1,51,51,52,51,52,51,53,51,52,52,51,51,52,52,52,52,52,52,52,52,53,55,58,58,53,53,53,,,
429_0,58,58,58,58,58,58,57,57,58,57,57,57,57,58,58,58,57,57,57,58,57,59,60,60,65,65,64,,,
429_1,46,46,47,47,47,47,46,46,47,46,47,46,46,47,47,47,47,47,47,47,46,49,49,50,53,53,52,,,
430_0,70,71,70,71,71,70,70,71,71,71,71,71,71,71,71,71,71,71,71,71,71,73,74,75,66,66,66,,,
430_1,55,55,55,55,55,55,55,55,55,55,55,56,55,56,56,56,55,55,55,55,55,59,59,60,56,56,57,,,
431_0,77,78,77,76,77,78,78,75,78,78,78,78,76,78,76,78,77,78,77,78,79,80,84,85,69,66,66,,,
431_1,53,53,52,52,53,52,53,52,52,54,52,52,53,53,52,53,52,53,52,53,54,55,58,59,54,53,54,,,
432_0,71,71,71,70,70,70,71,70,70,71,72,71,71,71,71,72,71,72,71,72,72,75,77,78,68,67,66,,,
432_1,50,50,51,50,50,50,51,50,50,50,51,51,51,51,51,52,51,52,50,52,51,55,56,56,51,51,51,,,
433_0,75,75,75,74,75,75,75,75,76,75,75,75,76,75,76,75,76,75,75,75,76,80,81,80,68,69,71,,,
433_1,58,57,58,58,58,58,58,58,58,58,58,58,57,58,58,58,58,58,58,58,58,63,63,63,58,60,62,,,
434_0,84,83,83,83,83,83,83,83,83,83,84,83,83,84,83,83,83,83,83,84,83,87,87,86,71,72,73,,,
434_1,54,54,54,54,54,54,54,54,55,55,54,54,54,55,54,54,54,55,54,54,54,58,58,58,53,56,57,,,
435_0,74,74,73,73,73,73,74,73,75,74,74,74,74,75,75,74,75,74,75,74,75,79,80,78,68,69,70,,,
435_1,56,57,56,56,56,56,57,57,57,57,57,57,56,57,57,56,57,57,57,57,58,61,62,61,55,57,58,,,
436_0,78,78,78,78,79,79,79,79,79,79,79,80,79,79,79,79,79,79,79,79,79,83,84,84,71,73,74,,,
436_1,55,55,55,56,56,56,55,56,56,56,56,56,56,56,55,56,56,56,55,56,55,61,61,61,54,58,59,,,
437_0,68,71,71,72,63,70,72,72,62,69,70,70,70,67,70,71,71,66,70,71,71,70,75,76,65,67,67,,,
437_1,54,55,55,56,51,55,55,55,50,55,55,54,55,54,55,55,55,54,55,55,55,56,59,59,56,58,59,,,
438_0,77,77,78,78,77,78,77,77,77,77,77,77,77,77,77,77,77,77,77,77,78,79,79,78,69,69,70,,,
438_1,59,59,60,59,59,60,60,59,59,59,58,59,59,59,59,59,59,59,59,59,60,62,62,61,57,57,59,,,
439_0,81,81,81,81,81,81,81,81,80,80,80,80,80,81,81,81,81,81,81,81,82,86,87,88,71,71,73,,,
439_1,60,60,60,60,60,61,60,60,60,60,60,60,60,60,60,60,60,60,60,60,61,65,65,65,59,60,63,,,
440_0,71,71,71,71,71,72,70,69,70,72,70,70,68,71,71,70,71,70,69,70,70,73,73,70,72,73,72,,,
440_1,84,84,84,84,84,83,83,84,84,84,84,84,84,84,84,83,83,83,83,84,84,86,87,87,75,75,74,,,
441_0,76,76,76,76,76,76,76,76,75,76,75,76,76,76,76,76,76,76,76,76,76,80,81,81,70,70,72,,,
441_1,55,54,55,55,55,55,55,55,54,55,55,55,55,55,55,55,55,55,55,55,55,60,60,60,55,56,60,,,
442_0,60,60,60,60,59,59,60,60,60,60,60,60,60,61,60,60,61,60,59,59,60,62,63,62,59,64,66,,,
442_1,48,48,48,48,48,48,48,48,48,48,48,48,49,49,49,49,49,48,48,48,49,51,52,52,51,57,59,,,
443_0,66,66,66,66,65,66,66,66,66,66,66,66,66,66,66,66,66,66,65,65,65,67,67,65,65,68,70,,,
443_1,56,55,55,56,56,56,56,56,56,56,56,56,56,56,56,56,56,57,55,56,55,57,58,56,56,59,62,,,
444_0,58,58,58,58,58,58,58,58,58,58,59,58,59,59,59,59,59,59,57,58,58,62,62,62,61,65,68,,,
444_1,48,48,49,49,48,48,49,49,49,49,49,49,49,49,49,49,49,49,48,48,49,53,53,53,54,58,61,,,
445_0,83,83,84,84,83,84,84,84,84,84,84,84,84,85,85,85,84,88,84,82,84,88,88,87,77,82,85,,,
445_1,47,47,48,48,47,48,48,48,48,48,48,48,48,49,49,48,48,50,49,48,49,51,52,52,53,58,62,,,
446_0,43,39,40,39,43,40,40,40,44,44,39,39,40,42,39,40,40,44,40,40,41,47,43,44,52,57,61,,,
446_1,39,39,38,38,40,39,36,37,40,39,36,36,37,39,37,37,37,40,37,37,38,43,41,42,47,54,58,,,
447_0,73,63,63,61,73,68,62,63,72,73,60,61,61,68,59,60,61,72,63,61,62,75,61,60,62,65,68,,,
447_1,55,49,49,48,54,50,48,49,55,56,47,47,47,51,47,47,49,54,48,48,49,57,48,49,52,56,59,,,
448_0,72,69,70,68,71,71,69,68,67,71,67,67,67,72,66,66,67,71,69,68,68,73,68,68,67,71,73,,,
448_1,87,85,87,86,86,87,85,85,76,87,85,85,85,88,84,84,85,88,86,86,85,81,87,90,75,80,82,,,
449_0,69,60,59,59,70,65,60,59,70,69,58,57,58,66,57,57,57,70,60,58,60,74,60,59,63,67,71,,,
449_1,51,44,44,44,50,46,45,45,51,50,44,43,44,48,43,43,44,51,44,44,46,55,46,47,50,55,59,,,
450_0,86,87,87,86,85,85,85,85,85,86,85,86,86,86,86,86,87,86,87,86,86,87,88,87,73,76,79,,,
450_1,52,52,52,51,51,51,51,51,51,52,51,52,52,52,51,52,52,51,52,52,51,53,54,54,54,58,60,,,
451_0,81,81,81,79,82,81,81,80,82,83,80,80,80,82,82,82,81,82,83,83,83,86,86,87,70,70,67,,,
451_1,50,50,51,50,50,50,50,50,51,52,50,49,50,51,50,51,50,50,52,51,53,56,56,57,52,52,49,,,
452_0,62,62,62,61,61,61,61,61,61,61,61,61,61,61,61,61,61,62,62,62,62,62,62,62,65,67,70,,,
452_1,49,49,49,48,48,48,48,48,49,48,48,49,49,49,49,49,49,49,49,49,50,50,51,51,54,56,58,,,
453_0,76,77,78,77,75,77,76,75,77,77,75,76,77,77,77,78,76,77,78,77,77,79,79,79,72,74,77,,,
453_1,62,62,63,63,62,61,63,61,63,63,61,62,62,63,64,64,63,63,63,64,64,66,68,68,62,65,68,,,
454_0,43,43,43,43,43,43,43,43,43,44,44,44,44,44,44,44,44,44,44,44,44,47,48,49,58,61,65,,,
454_1,35,36,36,36,37,37,37,37,37,38,38,38,38,38,38,38,38,38,38,38,38,42,43,44,50,55,57,,,
455_0,77,77,76,76,77,77,76,76,76,76,76,77,76,77,77,76,76,77,76,76,77,78,75,75,68,69,70,,,
455_1,69,69,68,68,69,69,68,69,68,68,69,69,69,69,69,68,68,69,69,68,69,70,68,69,62,63,66,,,
456_0,72,72,74,73,75,73,73,72,72,73,73,74,71,72,74,73,73,74,74,73,74,73,71,71,68,69,71,,,
456_1,55,56,55,56,56,56,56,56,56,56,56,56,56,56,56,56,56,57,57,56,56,57,55,57,57,57,61,,,
457_0,82,82,81,81,81,82,81,81,81,82,82,82,81,82,82,82,82,82,82,82,82,84,81,82,72,72,73,,,
457_1,71,72,70,71,71,72,71,72,71,72,72,72,71,72,72,72,72,72,72,72,72,74,72,74,62,63,65,,,
458_0,83,83,82,83,82,83,83,80,83,82,83,83,81,84,83,83,83,84,84,83,84,87,83,83,71,71,73,,,
458_1,57,58,58,58,59,59,57,57,58,60,57,58,58,59,59,58,58,60,59,58,61,62,63,61,58,58,62,,,
459_0,85,86,86,87,86,86,86,87,87,87,86,87,87,87,87,87,85,86,86,86,86,87,87,87,75,75,77,,,
459_1,57,58,58,58,58,58,58,58,58,59,58,58,59,58,59,59,58,58,58,58,58,59,60,60,58,58,61,,,
460_0,73,74,74,74,74,74,74,74,74,74,74,74,74,74,75,75,73,74,74,74,74,74,74,73,69,69,70,,,
460_1,59,60,59,60,60,60,60,60,60,60,60,60,61,60,61,61,60,60,60,60,60,61,61,61,59,60,62,,,
461_0,46,47,47,47,47,47,47,47,47,47,47,48,48,48,48,50,52,53,54,47,48,51,53,54,61,62,64,,,
461_1,41,42,42,42,42,42,42,42,42,42,42,43,43,43,43,47,47,48,48,43,44,47,49,50,54,57,58,,,
462_0,78,78,77,77,78,78,77,76,79,78,77,78,76,77,77,78,78,78,79,78,79,81,81,81,71,71,68,,,
462_1,52,51,51,51,51,52,51,51,52,52,51,51,51,51,51,52,52,51,52,52,53,54,55,55,54,54,51,,,
463_0,47,48,49,49,49,50,49,49,49,49,49,50,50,50,50,50,49,49,49,49,50,52,54,55,63,64,67,,,
463_1,42,44,44,44,44,45,43,44,44,44,44,45,45,44,45,45,45,45,44,44,44,47,49,50,55,56,60,,,
464_0,75,74,75,74,74,75,74,74,76,75,74,74,74,75,75,75,75,75,76,76,78,80,81,81,79,79,77,,,
464_1,54,54,55,54,54,55,54,52,55,55,54,54,54,55,55,55,55,55,56,55,56,58,59,60,62,62,61,,,
465_0,85,85,85,85,85,85,84,84,86,86,85,85,84,85,85,85,85,85,86,86,84,87,87,86,76,76,74,,,
465_1,48,48,49,48,48,49,48,48,49,49,48,49,48,48,48,48,48,48,49,49,48,50,51,51,50,50,48,,,
466_0,59,59,59,58,59,59,59,58,60,59,60,59,58,59,59,59,58,59,59,59,60,61,61,60,58,58,56,,,
466_1,53,53,53,52,53,53,53,52,54,53,53,53,52,53,52,53,52,53,53,53,54,55,56,55,52,52,49,,,