Series ID,0,1,2,3,4,5,6,7,8,9,10,11,12,13,14,15,16,17,18,19,20,21,22,23,24,25,26,27,28,29,30,31,32,33,34,35,36,37,38,39,40,41,42,43,44,45,46,47,48,49
0_0,0.1,0.1,0.1,0.1,0.1,0.1,0.1,0.1,0.25,0.25,0.25,0.25,0.25,0.25,0.25,0.25,0.4,0.4,0.4,0.4,0.4,0.4,0.4,0.4,0.5499999999999999,0.5499999999999999,0.5499999999999999,0.5499999999999999,0.5499999999999999,0.5499999999999999,0.5499999999999999,0.5499999999999999,0.7,0.7,0.7,0.7,0.7,0.7,0.7,0.7,0.85,0.85,0.85,0.85,0.85,0.85,0.85,0.85,0.85,0.85
0_1,0.1,0.2,0.30000000000000004,0.4,0.5,0.6,0.7000000000000001,0.8,0.1,0.2,0.30000000000000004,0.4,0.5,0.6,0.7000000000000001,0.8,0.1,0.2,0.30000000000000004,0.4,0.5,0.6,0.7000000000000001,0.8,0.1,0.2,0.30000000000000004,0.4,0.5,0.6,0.7000000000000001,0.8,0.1,0.2,0.30000000000000004,0.4,0.5,0.6,0.7000000000000001,0.8,0.8,0.8,0.8,0.8,0.8,0.8,0.8,0.8,0.8,0.8
0_2,0.1,0.12000000000000001,0.14,0.16,0.18,0.2,0.22,0.24000000000000002,0.26,0.28,0.30000000000000004,0.32,0.33999999999999997,0.36,0.38,0.4,0.42000000000000004,0.44000000000000006,0.45999999999999996,0.48,0.5,0.52,0.54,0.56,0.58,0.6,0.62,0.64,0.66,0.6799999999999999,0.8,0.805,0.81,0.8150000000000001,0.8200000000000001,0.8250000000000001,0.8300000000000001,0.8350000000000001,0.8400000000000001,0.8450000000000001,0.8500000000000001,0.8550000000000001,0.8600000000000001,0.865,0.8700000000000001,0.875,0.88,0.885,0.89,0.895
0_3,0.13695325571144684,0.11510268429912181,0.12114645606246269,0.149738030874758,0.13200534696697505,0.18817150364690338,0.1749287254886494,0.12162693036736577,0.11377212609182963,0.12714314839692886,0.17229297008250571,0.1490140855815767,0.12430177900791889,0.11092214997523223,0.1904789299885679,0.10169165097202666,0.15626339260421773,0.10869489322038113,0.16605798226392965,0.11904746962739506,0.19557287010609306,0.1810976749264454,0.1674866627877437,0.18757476226472658,0.11039640113771494,0.13468462985020702,0.16215667562962,0.17237506502202662,0.1445387521929198,0.10818997471148345,0.945248640568319,0.9187419806075543,0.9288583527224848,0.9872677531787949,0.9736341376803029,0.989068752894535,0.9538434960563255,0.9823993414239873,0.9919541321812674,0.9847282395438635,0.9450107723813146,0.9604548477158181,0.9341313212458398,0.9372718283342557,0.9807125422445067,0.934925541682827,0.956471121656007,0.9199319002682065,0.9597279337906729,0.9524047872883842
0_4,0.95,0.94,0.9299999999999999,0.9199999999999999,0.9099999999999999,0.8999999999999999,0.8899999999999999,0.1,0.09000000000000001,0.08,0.07,0.060000000000000005,0.05,0.04000000000000001,0.1,0.11,0.12000000000000001,0.13,0.14,0.15000000000000002,0.16,0.85,0.86,0.87,0.88,0.89,0.9,0.9099999999999999, , , , , , , , , , , , , , , , , , , , , , ,
0_5,0.9904983040592389,0.9654986473808029,0.962927006235658,0.9170766255377568,0.9637491007136024,0.9885775496382172,0.9462066557129988,0.9109762708825015,0.9065057422780445,0.9147298474351706,0.9119283878078663,0.9446522264836648,0.9428691149443078,0.921467073681807,0.18688936722386496,0.10125163424283903,0.13177697118419474,0.12866242057880542,0.13825806946436914,0.13838727822686822,0.1497791944469962,0.13516007459686383,0.1461998054729685,0.1058483139960735,0.14579226437619336,0.12396976680579797,0.1395328483228951,0.14137591950218364, , , , , , , , , , , , , , , , , , , , , , ,
0_6,0.1, 0.1, 0.1, 0.1, 0.1, 0.1, 0.1, 0.1, 0.1, 0.1, 0.30000000000000004, 0.30000000000000004, 0.30000000000000004, 0.30000000000000004, 0.30000000000000004, 0.30000000000000004, 0.30000000000000004, 0.30000000000000004, 0.30000000000000004, 0.30000000000000004, 0.5, 0.5, 0.5, 0.5, 0.5, 0.5, 0.5, 0.5, 0.5, 0.5, 0.7000000000000001, 0.7000000000000001, 0.7000000000000001, 0.7000000000000001, 0.7000000000000001, 0.7000000000000001, 0.7000000000000001, 0.7000000000000001, 0.7000000000000001, 0.7000000000000001, 0.9, 0.9, 0.9, 0.9, 0.9, 0.9, 0.9, 0.9, 0.9, 0.9
0_7,0.1, 0.18, 0.26, 0.33999999999999997, 0.42000000000000004, 0.5, 0.58, 0.66, 0.74, 0.82, 0.9, 0.8200000000000001, 0.74, 0.66, 0.5800000000000001, 0.5, 0.42000000000000004, 0.33999999999999997, 0.26, 0.18000000000000005, 0.1, 0.18, 0.26, 0.33999999999999997, 0.42000000000000004, 0.5, 0.58, 0.66, 0.74, 0.82, 0.9, 0.8200000000000001, 0.74, 0.66, 0.5800000000000001, 0.5, 0.42000000000000004, 0.33999999999999997, 0.26, 0.18000000000000005, 0.1, 0.18, 0.26, 0.33999999999999997, 0.42000000000000004, 0.5, 0.58, 0.66, 0.74, 0.82
0_8,0.1, 0.116, 0.132, 0.14800000000000002, 0.164, 0.18, 0.196, 0.21200000000000002, 0.228, 0.24400000000000002, 0.26, 0.276, 0.29200000000000004, 0.30800000000000005, 0.324, 0.33999999999999997, 0.356, 0.372, 0.388, 0.404, 0.42000000000000004, 0.43600000000000005, 0.45199999999999996, 0.46799999999999997, 0.484, 0.5, 0.516, 0.532, 0.548, 0.5640000000000001, 0.58, 0.596, 0.612, 0.628, 0.644, 0.66, 0.676, 0.692, 0.708, 0.724, 0.74, 0.756, 0.772, 0.788, 0.8039999999999999, 0.82, 0.836, 0.852, 0.868, 0.884
0_9,0.1, 0.1, 0.1, 0.1, 0.1, 0.1, 0.1, 0.1, 0.1, 0.1, 0.1, 0.14, 0.18, 0.22, 0.26, 0.30000000000000004, 0.33999999999999997, 0.38, 0.42000000000000004, 0.45999999999999996, 0.5, 0.5, 0.5, 0.5, 0.5, 0.5, 0.5, 0.5, 0.5, 0.5, 0.5, 0.54, 0.58, 0.62, 0.66, 0.7, 0.74, 0.78, 0.8200000000000001, 0.86, 0.9, 0.9, 0.9, 0.9, 0.9, 0.9, 0.9, 0.9, 0.9, 0.9
0_10,0.1,0.2,0.30000000000000004,0.4,0.5,0.6,0.7000000000000001,0.8,0.9, , , , , , , , , , , , , , , , , , , , , , , , , , , , , , , , , , , , , , , , , ,
0_11,0.1,0.9,0.1,0.9,0.1,0.9,0.1,0.9,0.1, , , , , , , , , , , , , , , , , , , , , , , , , , , , , , , , , , , , , , , , , ,
0_12,0.1,0.1702186829027017,0.2326820658893033,0.28072405786990295,0.30970400926424074,0.31765847744427306,0.3055769864163684,0.2772630511152573,0.23879998503464567,0.19769651692527176,0.161832212156129,0.13835081117469772,0.13265691239069669,0.1476569123906967,0.18335081117469776,0.2368322121561289,0.3026965169252717,0.3737999850346456,0.44226305111525743,0.5005769864163684,0.5426584774442731,0.5647040092642407,0.5657240578699029,0.5476820658893032,0.5152186829027017,0.4750000000000001,0.4347813170972985,0.4023179341106966,0.3842759421300971,0.38529599073575926,0.40734152255572686,0.44942301358363157,0.5077369488847426,0.5762000149653544,0.6473034830747282,0.7131677878438708,0.7666491888253023,0.8023430876093033,0.8173430876093033,0.8116491888253025,0.7881677878438709,0.7523034830747283,0.7112000149653546,0.6727369488847427,0.6444230135836315,0.632341522555727,0.6402959907357593,0.6692759421300972,0.7173179341106966,0.779781317097298
0_13,0.10489434837048466,0.11219732715717284,0.13351729475339805,0.16754528940713115,0.2111875447315322,0.26,0.3088124552684678,0.35245471059286887,0.386482705246602,0.40780267284282723,0.41510565162951535,0.40905132427757895,0.39217536741017156,0.36853332335643046,0.34313101128351453,0.3212214747707527,0.3075672074497985,0.30577127492713113,0.31777127492713114,0.3435672074497985,0.38122147477075274,0.4271310112835144,0.47653332335643045,0.5241753674101717,0.565051324277579,0.5951056516295155,0.6118026728428272,0.614482705246602,0.6044547105928687,0.5848124552684678,0.56,0.5351875447315324,0.5155452894071311,0.5055172947533981,0.5081973271571729,0.5248943483704847,0.5549486757224211,0.5958246325898284,0.6434666766435697,0.6928689887164855,0.7387785252292474,0.7764327925502015,0.802228725072869,0.814228725072869,0.8124327925502017,0.7987785252292474,0.7768689887164857,0.7514666766435694,0.7278246325898285,0.710948675722421